time,accelX,accelY,accelZ,gyroX,gyroY,gyroZ,eulerX,eulerY,eulerZ,mic,FSR0,FSR1,FSR2,FSR3,FSR4,FSR5,FSR6,FSR7,FSR8,FSR9,FSR10,FSR11,FSR12,FSR13,FSR14,FSR15,FSR16,FSR17,FSR18,FSR19,ground
1533758116.7230165,0.18,0.0,0.0,0.0,0.0,0.0,0.0,0.0,0.0,0.0,0.0,0.0,0.0,0.0,0.0,0.0,0.0,0.0,0.0,0.0,0.0,right
1533758116.7365782,-1.51,-2.69,9.48,0.0625,-0.8125,0.0625,354.1875,-7.5,15.1875,0.18,0.0,0.0,0.0,0.0,0.0,0.0,0.0,0.0,0.0,0.0,0.0,0.0,0.0,0.0,0.0,0.0,0.0,0.0,0.0,0.0,right
1533758116.7501087,-1.51,-2.69,9.48,0.0625,-0.8125,0.0625,354.1875,-7.5,15.1875,0.18,0.0,0.0,0.0,0.0,0.0,0.0,0.0,0.0,0.0,0.0,0.0,0.0,0.0,0.0,0.0,0.0,0.0,0.0,0.0,0.0,right
1533758116.7751353,-2.95,-2.57,8.97,7.75,14.25,0.5625,0.0,0.0,0.0,0.11,0.0,0.0,0.0,0.0,0.0,0.0,12.0,0.0,0.0,0.0,0.0,0.0,0.0,0.0,0.0,0.0,0.0,8.0,0.0,0.0,right
1533758116.800726,-3.05,-1.82,9.39,0.375,-0.25,0.25,0.875,-17.625,11.5,0.1,0.0,19.0,0.0,0.0,0.0,0.0,32.0,0.0,0.0,0.0,0.0,0.0,0.0,0.0,0.0,0.0,0.0,8.0,0.0,0.0,right
1533758116.8910408,-2.9,-1.89,9.14,0.875,0.1875,-0.25,0.6875,-17.5625,12.1875,0.1,0.0,23.0,0.0,0.0,0.0,0.0,29.0,0.0,0.0,9.0,0.0,0.0,0.0,0.0,0.0,0.0,0.0,6.0,0.0,0.0,right
1533758117.5350516,-2.23,-1.89,9.45,-4.0,1.9375,0.125,0.5,-13.5625,15.1875,0.15,0.0,0.0,0.0,0.0,0.0,0.0,0.0,0.0,0.0,0.0,0.0,104.0,0.0,0.0,0.0,0.0,0.0,7.0,0.0,0.0,right
1533758118.1734667,-3.32,-2.17,8.96,-1.0,-0.75,1.4375,1.9375,-19.0,12.125,0.1,0.0,0.0,0.0,0.0,0.0,0.0,0.0,0.0,0.0,0.0,0.0,0.0,0.0,0.0,0.0,0.0,0.0,4.0,0.0,0.0,right
1533758118.8206124,-3.39,-1.55,9.13,4.0,1.5625,-0.3125,1.8125,-19.875,11.5,0.11,0.0,0.0,0.0,0.0,0.0,0.0,0.0,22.0,20.0,22.0,0.0,0.0,14.0,0.0,29.0,0.0,7.0,11.0,0.0,0.0,right
1533758119.4593086,-3.3,-1.84,9.01,-0.5625,-0.5625,-0.0625,1.8125,-20.0,11.625,0.12,0.0,0.0,0.0,0.0,0.0,0.0,0.0,0.0,0.0,10.0,0.0,0.0,0.0,0.0,13.0,0.0,0.0,7.0,0.0,0.0,right
1533758120.102587,-3.33,-1.82,9.02,0.1875,0.4375,-0.125,1.75,-20.0,11.6875,0.12,0.0,1.0,0.0,0.0,0.0,0.0,0.0,0.0,16.0,0.0,0.0,8.0,0.0,0.0,15.0,0.0,0.0,6.0,0.0,0.0,right
1533758120.7459383,-3.29,-1.82,8.97,-0.1875,-0.0625,-0.0625,1.75,-20.0,11.6875,0.12,0.0,1.0,0.0,0.0,0.0,0.0,0.0,0.0,0.0,13.0,0.0,0.0,0.0,0.0,14.0,0.0,0.0,8.0,0.0,0.0,right
1533758121.3892004,-3.35,-1.87,8.95,0.1875,-0.1875,0.125,1.75,-20.0,11.6875,0.12,0.0,0.0,0.0,0.0,0.0,0.0,0.0,0.0,0.0,12.0,0.0,0.0,0.0,0.0,15.0,0.0,0.0,0.0,0.0,0.0,right
1533758122.0277848,-3.3,-1.85,8.99,0.25,-0.1875,-0.1875,1.75,-20.0,11.6875,0.11,0.0,0.0,0.0,0.0,0.0,0.0,0.0,0.0,0.0,12.0,0.0,0.0,0.0,0.0,15.0,0.0,0.0,7.0,0.0,0.0,right
1533758122.670992,-3.32,-1.81,9.01,0.0625,0.125,-0.0625,1.75,-20.0,11.6875,0.12,0.0,0.0,0.0,5.0,0.0,0.0,0.0,17.0,7.0,18.0,0.0,0.0,0.0,0.0,25.0,0.0,0.0,8.0,0.0,0.0,right
1533758123.3095775,-3.29,-1.79,8.9,0.125,0.0625,-0.0625,1.75,-20.0,11.6875,0.12,0.0,0.0,0.0,0.0,0.0,0.0,0.0,0.0,0.0,0.0,0.0,0.0,0.0,0.0,0.0,0.0,0.0,12.0,0.0,0.0,right
1533758123.9571083,-3.32,-1.86,8.9,-0.125,-0.1875,0.125,1.75,-20.0,11.6875,0.12,0.0,4.0,0.0,0.0,0.0,0.0,14.0,19.0,7.0,17.0,0.0,0.0,0.0,0.0,18.0,0.0,0.0,6.0,0.0,0.0,right
1533758124.595538,-3.28,-1.84,8.99,0.1875,-0.25,0.125,1.75,-20.0,11.75,0.12,0.0,0.0,0.0,0.0,0.0,0.0,0.0,4.0,10.0,12.0,0.0,0.0,0.0,0.0,15.0,0.0,0.0,9.0,0.0,0.0,right
1533758125.2425885,-3.31,-1.83,9.0,0.125,-0.0625,0.0,1.75,-20.0,11.75,0.12,0.0,0.0,0.0,0.0,0.0,0.0,0.0,14.0,0.0,14.0,0.0,0.0,0.0,0.0,14.0,0.0,0.0,8.0,0.0,0.0,right
1533758125.8899295,-3.31,-1.84,9.03,-0.25,-0.0625,-0.0625,1.75,-20.0,11.75,0.12,0.0,0.0,0.0,0.0,0.0,0.0,13.0,17.0,0.0,0.0,0.0,0.0,13.0,0.0,30.0,0.0,0.0,0.0,8.0,0.0,right
1533758126.5285225,-3.32,-1.83,8.99,0.125,-0.1875,0.125,1.75,-20.0,11.75,0.12,0.0,0.0,0.0,0.0,0.0,0.0,0.0,0.0,0.0,0.0,0.0,0.0,3.0,0.0,17.0,0.0,0.0,7.0,0.0,0.0,right
1533758127.1724274,-3.28,-1.86,8.95,0.0625,0.25,0.0,1.75,-20.0,11.8125,0.12,0.0,0.0,0.0,0.0,0.0,0.0,7.0,0.0,18.0,18.0,0.0,0.0,0.0,0.0,16.0,0.0,0.0,7.0,0.0,0.0,right
1533758127.8146539,-3.29,-1.88,9.04,0.375,-0.1875,0.0625,1.75,-20.0,11.8125,0.12,0.0,0.0,0.0,0.0,0.0,0.0,0.0,11.0,0.0,15.0,0.0,0.0,0.0,0.0,17.0,0.0,0.0,7.0,0.0,0.0,right
1533758128.4585013,-3.28,-1.85,9.02,0.125,-0.3125,0.0625,1.75,-20.0,11.8125,0.12,0.0,0.0,0.0,0.0,0.0,0.0,0.0,14.0,0.0,14.0,0.0,12.0,0.0,0.0,0.0,0.0,0.0,0.0,0.0,0.0,right
1533758129.1054144,-3.27,-1.82,9.02,-0.25,0.125,0.0625,1.75,-20.0,11.8125,0.12,0.0,0.0,0.0,0.0,0.0,0.0,0.0,16.0,0.0,15.0,0.0,13.0,11.0,0.0,16.0,0.0,0.0,15.0,0.0,0.0,right
1533758129.7441616,-3.3,-1.86,8.94,-0.125,0.125,-0.0625,1.75,-20.0,11.8125,0.12,0.0,0.0,0.0,0.0,0.0,0.0,0.0,0.0,0.0,0.0,0.0,0.0,0.0,0.0,0.0,0.0,0.0,0.0,0.0,0.0,right
1533758130.390839,-3.29,-1.84,8.96,0.0625,-0.25,-0.0625,1.75,-20.0,11.8125,0.12,0.0,0.0,0.0,0.0,0.0,0.0,28.0,17.0,0.0,14.0,0.0,13.0,0.0,0.0,17.0,0.0,0.0,8.0,0.0,0.0,right
1533758131.034545,-3.29,-1.87,9.01,0.25,-0.1875,0.0,1.75,-20.0,11.8125,0.12,0.0,0.0,0.0,0.0,0.0,0.0,22.0,0.0,0.0,0.0,5.0,13.0,0.0,0.0,15.0,0.0,0.0,9.0,0.0,0.0,right
1533758131.6771607,-3.28,-1.84,9.0,-0.125,0.0625,0.0,1.75,-20.0,11.8125,0.12,0.0,0.0,0.0,0.0,0.0,0.0,0.0,16.0,0.0,17.0,0.0,10.0,0.0,0.0,15.0,0.0,0.0,9.0,0.0,0.0,right
1533758132.324727,-3.34,-1.87,8.99,0.0,-0.125,0.0,1.75,-20.0,11.8125,0.12,0.0,0.0,0.0,0.0,0.0,0.0,0.0,15.0,0.0,17.0,0.0,11.0,16.0,0.0,23.0,12.0,0.0,15.0,0.0,0.0,right
1533758132.9597414,-3.27,-1.82,8.92,-0.0625,-0.1875,-0.0625,1.75,-20.0,11.75,0.12,0.0,0.0,0.0,0.0,0.0,0.0,0.0,0.0,0.0,0.0,0.0,0.0,0.0,0.0,0.0,0.0,0.0,0.0,0.0,0.0,right
1533758133.610664,-3.28,-1.81,8.95,0.125,0.125,0.125,1.75,-20.0,11.75,0.12,0.0,0.0,0.0,0.0,0.0,0.0,10.0,15.0,0.0,24.0,0.0,17.0,20.0,0.0,23.0,0.0,0.0,29.0,0.0,9.0,right
1533758134.2457008,-3.29,-1.84,9.13,-0.0625,0.0625,0.1875,1.75,-20.0,11.75,0.12,0.0,0.0,0.0,0.0,0.0,0.0,0.0,0.0,0.0,0.0,0.0,15.0,0.0,0.0,0.0,0.0,0.0,0.0,0.0,0.0,right
1533758134.8922105,-3.29,-1.86,9.01,0.5625,0.0,-0.125,1.75,-20.0,11.75,0.12,0.0,2.0,0.0,0.0,0.0,0.0,18.0,17.0,0.0,19.0,0.0,0.0,0.0,0.0,16.0,0.0,0.0,7.0,0.0,0.0,right
1533758135.5396194,-3.28,-1.82,9.02,-0.375,0.0,0.25,1.75,-20.0,11.75,0.12,0.0,0.0,0.0,0.0,0.0,0.0,12.0,16.0,0.0,17.0,0.0,13.0,0.0,0.0,16.0,0.0,0.0,10.0,9.0,10.0,right
1533758136.1821723,-3.32,-1.86,9.02,0.125,-0.0625,0.0,1.75,-20.0,11.75,0.12,0.0,0.0,0.0,0.0,0.0,0.0,11.0,17.0,0.0,17.0,0.0,11.0,0.0,0.0,0.0,0.0,0.0,0.0,0.0,0.0,right
1533758136.8262174,-3.29,-1.83,8.89,0.0,0.0625,-0.0625,1.75,-20.0,11.75,0.12,0.0,0.0,0.0,0.0,0.0,0.0,17.0,25.0,26.0,27.0,0.0,14.0,24.0,0.0,31.0,0.0,0.0,30.0,0.0,0.0,right
1533758137.4652336,-3.27,-1.89,8.95,0.25,0.0,-0.0625,1.75,-19.9375,11.875,0.12,0.0,0.0,0.0,0.0,0.0,0.0,3.0,31.0,1.0,15.0,0.0,14.0,0.0,0.0,0.0,0.0,0.0,9.0,0.0,0.0,right
1533758138.111692,-3.28,-1.87,9.0,-0.1875,0.0,0.0625,1.75,-19.9375,11.875,0.12,0.0,6.0,0.0,0.0,0.0,0.0,20.0,37.0,14.0,19.0,0.0,10.0,0.0,0.0,17.0,0.0,0.0,8.0,0.0,0.0,right
1533758138.7550364,-3.26,-1.92,9.1,-1.9375,-1.5625,-0.6875,1.6875,-19.875,12.0,0.12,0.0,0.0,0.0,0.0,0.0,0.0,0.0,14.0,0.0,17.0,0.0,10.0,0.0,0.0,16.0,0.0,0.0,8.0,0.0,0.0,right
1533758139.3974233,-2.93,-2.33,8.86,6.0,0.6875,0.4375,0.5,-17.4375,14.3125,0.11,0.0,0.0,0.0,0.0,0.0,0.0,0.0,13.0,0.0,14.0,0.0,0.0,0.0,0.0,14.0,0.0,0.0,9.0,35.0,0.0,right
1533758140.0409353,-2.88,-2.06,9.0,1.5,0.6875,-0.75,0.75,-17.875,13.3125,0.12,0.0,3.0,0.0,0.0,0.0,0.0,19.0,14.0,0.0,17.0,0.0,0.0,0.0,0.0,16.0,0.0,0.0,9.0,9.0,7.0,right
1533758140.6798232,-2.96,-2.13,9.06,-0.0625,-0.25,0.0625,0.8125,-17.75,13.125,0.13,0.0,0.0,0.0,0.0,0.0,0.0,0.0,0.0,0.0,0.0,0.0,0.0,0.0,0.0,0.0,0.0,0.0,0.0,0.0,0.0,right
1533758141.3265247,-2.96,-2.09,9.07,-0.0625,0.0,0.0625,0.8125,-17.75,13.125,0.13,0.0,2.0,0.0,0.0,0.0,0.0,17.0,25.0,23.0,31.0,0.0,0.0,0.0,0.0,0.0,0.0,0.0,0.0,0.0,24.0,right
1533758141.9660168,-2.97,-2.13,9.07,-0.125,0.125,0.125,0.8125,-17.75,13.125,0.13,0.0,0.0,0.0,0.0,0.0,0.0,0.0,0.0,0.0,0.0,0.0,0.0,26.0,0.0,0.0,0.0,0.0,4.0,0.0,0.0,right
1533758142.6126359,-2.95,-2.11,9.06,0.1875,-0.0625,-0.25,0.8125,-17.75,13.125,0.13,0.0,0.0,0.0,0.0,0.0,0.0,10.0,14.0,0.0,15.0,0.0,0.0,0.0,0.0,0.0,0.0,0.0,7.0,0.0,0.0,right
1533758143.2560232,-2.95,-2.05,9.0,0.125,0.125,0.1875,0.8125,-17.75,13.125,0.13,0.0,3.0,0.0,0.0,0.0,0.0,12.0,16.0,0.0,18.0,0.0,0.0,0.0,0.0,17.0,0.0,0.0,10.0,0.0,0.0,right
1533758143.895682,-2.96,-2.04,9.11,0.3125,0.1875,-0.0625,0.8125,-17.75,13.125,0.13,0.0,3.0,0.0,0.0,0.0,0.0,11.0,7.0,0.0,7.0,0.0,0.0,0.0,0.0,0.0,0.0,0.0,0.0,0.0,0.0,right
1533758144.545591,-3.03,-2.04,9.09,0.75,0.6875,-0.25,0.8125,-17.8125,13.0625,0.13,0.0,2.0,0.0,0.0,0.0,0.0,14.0,21.0,28.0,52.0,0.0,33.0,39.0,0.0,26.0,0.0,0.0,31.0,0.0,0.0,right
1533758145.1892676,-2.99,-2.0,9.07,-0.375,-0.0625,0.0,0.8125,-17.8125,13.0,0.14,0.0,0.0,0.0,4.0,0.0,0.0,0.0,0.0,0.0,22.0,0.0,24.0,12.0,0.0,17.0,0.0,0.0,9.0,0.0,0.0,right
1533758145.8360512,-2.97,-2.01,9.06,0.0,0.0,-0.125,0.8125,-17.8125,13.0,0.13,0.0,0.0,0.0,0.0,0.0,0.0,20.0,17.0,12.0,21.0,0.0,24.0,13.0,0.0,17.0,0.0,0.0,10.0,0.0,0.0,right
1533758146.4747717,-2.97,-2.01,8.91,-0.5,0.1875,0.0,0.8125,-17.8125,13.0,0.13,0.0,4.0,0.0,0.0,0.0,0.0,0.0,14.0,0.0,18.0,0.0,25.0,0.0,0.0,17.0,0.0,0.0,12.0,0.0,0.0,right
1533758153.0448575,-2.94,-1.96,9.11,-0.3125,-0.375,-0.125,0.8125,-17.875,13.0,0.13,0.0,2.0,0.0,0.0,0.0,0.0,14.0,15.0,0.0,0.0,0.0,14.0,0.0,0.0,0.0,0.0,0.0,8.0,0.0,0.0,back
1533758153.0805888,-2.97,-2.0,9.1,0.1875,-0.0625,-0.125,0.8125,-17.875,13.0,0.13,0.0,2.0,0.0,0.0,0.0,0.0,14.0,20.0,23.0,29.0,0.0,25.0,24.0,0.0,23.0,3.0,0.0,16.0,0.0,0.0,back
1533758153.1070137,-3.06,-1.81,9.08,2.75,0.4375,0.0,0.875,-17.875,12.6875,0.13,0.0,4.0,0.0,0.0,0.0,0.0,8.0,0.0,0.0,0.0,0.0,0.0,0.0,0.0,3.0,0.0,0.0,8.0,0.0,0.0,back
1533758153.134952,-3.31,-0.98,9.0,-12.3125,-14.6875,3.3125,2.0625,-20.8125,9.8125,0.18,0.0,20.0,0.0,0.0,0.0,0.0,9.0,16.0,0.0,15.0,0.0,36.0,0.0,0.0,13.0,0.0,0.0,67.0,0.0,0.0,back
1533758153.1615753,-2.13,-1.12,9.83,33.4375,11.5625,3.125,0.75,-14.3125,6.3125,0.2,0.0,0.0,0.0,0.0,0.0,0.0,0.0,0.0,0.0,15.0,0.0,0.0,0.0,0.0,0.0,0.0,0.0,7.0,0.0,0.0,back
1533758153.1814947,-2.2,-1.13,9.21,-10.5,-17.25,1.875,359.875,-14.8125,6.9375,0.22,0.0,0.0,0.0,0.0,0.0,0.0,0.0,0.0,0.0,0.0,0.0,0.0,0.0,0.0,0.0,0.0,0.0,0.0,0.0,0.0,back
1533758153.1930375,-1.08,-3.57,7.98,0.8125,-3.75,-0.0625,359.0625,-7.8125,21.4375,0.27,0.0,0.0,0.0,0.0,0.0,0.0,0.0,0.0,0.0,0.0,0.0,0.0,0.0,0.0,0.0,0.0,0.0,8.0,0.0,0.0,back
1533758153.2060664,-2.5,-2.09,9.34,1.25,-5.6875,-2.375,359.25,-15.3125,13.5,0.23,0.0,0.0,0.0,3.0,0.0,0.0,0.0,12.0,0.0,15.0,0.0,0.0,0.0,0.0,15.0,0.0,0.0,22.0,0.0,8.0,back
1533758153.2172177,-2.77,-1.86,9.35,1.4375,0.5,0.875,359.6875,-16.6875,12.4375,0.21,0.0,0.0,0.0,0.0,0.0,0.0,0.0,15.0,0.0,16.0,0.0,0.0,0.0,0.0,15.0,0.0,0.0,27.0,12.0,9.0,back
1533758153.2283738,-2.75,-2.08,9.08,-0.5,-0.125,-0.3125,359.625,-16.6875,12.75,0.21,0.0,0.0,0.0,0.0,0.0,0.0,0.0,8.0,0.0,0.0,0.0,0.0,0.0,0.0,0.0,0.0,0.0,32.0,12.0,0.0,back
1533758153.5684774,-2.8,-1.95,9.2,-0.75,0.4375,-0.1875,359.625,-16.6875,12.625,0.21,0.0,0.0,0.0,0.0,0.0,0.0,0.0,0.0,0.0,0.0,0.0,0.0,0.0,0.0,0.0,0.0,0.0,24.0,0.0,0.0,back
1533758154.2205205,-2.77,-1.91,9.15,-0.5625,0.1875,-0.0625,359.625,-16.6875,12.625,0.2,0.0,0.0,0.0,0.0,0.0,0.0,0.0,0.0,0.0,0.0,0.0,0.0,0.0,0.0,0.0,0.0,0.0,25.0,0.0,0.0,back
1533758154.8712504,-2.81,-1.87,9.12,1.375,-1.125,0.3125,359.6875,-16.5625,12.4375,0.2,0.0,0.0,0.0,0.0,0.0,0.0,0.0,15.0,15.0,18.0,0.0,0.0,0.0,0.0,19.0,0.0,0.0,37.0,0.0,0.0,back
1533758155.5194473,-2.65,-1.89,9.19,-0.125,0.5625,0.1875,359.625,-16.0,12.25,0.2,0.0,0.0,0.0,0.0,9.0,0.0,0.0,15.0,14.0,20.0,0.0,0.0,0.0,0.0,19.0,0.0,0.0,40.0,12.0,0.0,back
1533758156.169853,-2.63,-1.75,9.1,-0.125,-0.375,-0.0625,359.5625,-15.8125,12.375,0.2,0.0,0.0,0.0,0.0,0.0,0.0,0.0,23.0,16.0,21.0,0.0,0.0,0.0,0.0,19.0,0.0,0.0,30.0,14.0,0.0,back
1533758156.8126953,-2.59,-1.97,9.22,-0.25,0.3125,0.4375,359.625,-15.8125,12.1875,0.19,0.0,0.0,0.0,0.0,0.0,0.0,0.0,16.0,17.0,19.0,0.0,0.0,0.0,0.0,20.0,0.0,0.0,41.0,13.0,18.0,back
1533758157.4645514,-2.73,-2.02,9.2,-0.5,-0.1875,-0.1875,359.625,-16.0,12.3125,0.2,0.0,0.0,0.0,0.0,0.0,0.0,0.0,17.0,17.0,20.0,0.0,0.0,0.0,0.0,28.0,0.0,0.0,39.0,24.0,20.0,back
1533758158.107529,-2.71,-2.0,9.36,-0.9375,-0.8125,-0.125,359.6875,-16.375,12.375,0.2,0.0,0.0,0.0,0.0,0.0,0.0,0.0,2.0,13.0,0.0,0.0,0.0,0.0,0.0,22.0,0.0,0.0,46.0,11.0,0.0,back
1533758158.7538335,-2.86,-1.95,9.08,0.0625,-1.125,0.125,359.6875,-16.75,12.5,0.2,0.0,0.0,0.0,0.0,0.0,0.0,0.0,14.0,0.0,0.0,0.0,0.0,0.0,0.0,0.0,0.0,0.0,30.0,0.0,0.0,back
1533758159.4057417,-2.81,-1.99,9.15,0.125,0.6875,-0.4375,359.75,-16.75,12.4375,0.2,0.0,0.0,4.0,0.0,0.0,0.0,0.0,17.0,16.0,21.0,0.0,0.0,0.0,0.0,21.0,0.0,0.0,48.0,14.0,10.0,back
1533758160.056724,-2.86,-1.97,9.07,-0.0625,0.375,0.125,359.75,-16.875,12.4375,0.2,0.0,0.0,0.0,0.0,10.0,0.0,0.0,16.0,18.0,21.0,0.0,0.0,13.0,0.0,21.0,0.0,0.0,41.0,14.0,10.0,back
1533758160.7037947,-2.82,-1.96,8.99,-0.125,0.625,0.125,359.75,-16.8125,12.4375,0.21,0.0,0.0,0.0,0.0,0.0,0.0,0.0,22.0,27.0,30.0,0.0,0.0,18.0,0.0,20.0,0.0,0.0,57.0,15.0,13.0,back
1533758161.3559048,-2.82,-1.96,9.03,0.1875,-0.125,0.0,359.75,-16.75,12.4375,0.2,0.0,0.0,0.0,6.0,0.0,0.0,0.0,18.0,19.0,23.0,0.0,0.0,12.0,0.0,24.0,0.0,0.0,39.0,15.0,12.0,back
1533758162.0064554,-2.85,-1.98,8.99,-0.0625,-0.125,-0.125,359.75,-16.75,12.4375,0.2,0.0,0.0,0.0,0.0,0.0,0.0,0.0,17.0,17.0,21.0,0.0,0.0,0.0,0.0,0.0,0.0,0.0,39.0,0.0,0.0,back
1533758162.658102,-2.86,-1.96,9.03,-0.25,0.0,0.0,359.75,-16.75,12.4375,0.2,0.0,0.0,0.0,0.0,0.0,0.0,0.0,17.0,17.0,22.0,0.0,0.0,0.0,0.0,0.0,0.0,0.0,24.0,0.0,0.0,back
1533758163.3089793,-2.84,-1.96,9.02,-0.1875,-0.125,0.125,359.75,-16.75,12.4375,0.21,0.0,0.0,0.0,0.0,0.0,0.0,0.0,19.0,18.0,25.0,0.0,0.0,12.0,0.0,23.0,0.0,0.0,40.0,12.0,10.0,back
1533758163.9597042,-2.8,-1.95,9.08,-0.25,0.0,-0.0625,359.75,-16.75,12.4375,0.2,0.0,0.0,0.0,0.0,0.0,0.0,0.0,19.0,19.0,26.0,0.0,0.0,14.0,0.0,25.0,0.0,0.0,40.0,14.0,10.0,back
1533758164.6027987,-2.8,-1.97,9.08,0.4375,0.125,0.125,359.75,-16.9375,12.375,0.21,0.0,0.0,0.0,0.0,11.0,0.0,1.0,27.0,46.0,39.0,0.0,0.0,15.0,0.0,36.0,0.0,0.0,35.0,40.0,6.0,back
1533758165.2543566,-2.88,-1.96,9.16,0.0,0.375,0.0,359.75,-17.0625,12.375,0.21,0.0,0.0,0.0,0.0,0.0,0.0,0.0,17.0,20.0,26.0,0.0,0.0,14.0,0.0,28.0,0.0,0.0,48.0,42.0,20.0,back
1533758165.8976436,-2.88,-1.97,9.14,-0.125,0.0625,0.0625,359.75,-17.0625,12.375,0.2,0.0,0.0,0.0,0.0,0.0,0.0,0.0,20.0,38.0,43.0,0.0,0.0,14.0,0.0,24.0,0.0,0.0,44.0,16.0,13.0,back
1533758166.5403903,-2.85,-1.94,9.11,0.0625,0.0,0.125,359.75,-17.0625,12.375,0.21,0.0,0.0,0.0,0.0,0.0,0.0,0.0,11.0,0.0,10.0,0.0,0.0,0.0,0.0,0.0,0.0,0.0,40.0,0.0,0.0,back
1533758167.1918454,-2.85,-1.95,9.13,0.0625,-0.3125,0.125,359.75,-17.0625,12.375,0.21,0.0,0.0,0.0,0.0,0.0,0.0,0.0,18.0,0.0,3.0,0.0,0.0,0.0,0.0,0.0,0.0,0.0,36.0,0.0,0.0,back
1533758167.8427918,-2.85,-1.95,9.05,-0.0625,0.125,-0.1875,359.75,-17.0625,12.375,0.21,0.0,0.0,0.0,0.0,0.0,0.0,0.0,19.0,20.0,25.0,0.0,0.0,16.0,0.0,14.0,0.0,0.0,36.0,8.0,0.0,back
1533758168.4946864,-2.84,-1.94,9.08,0.1875,0.0,0.125,359.75,-17.0625,12.375,0.21,0.0,0.0,0.0,0.0,0.0,0.0,0.0,20.0,21.0,24.0,0.0,0.0,15.0,0.0,25.0,0.0,0.0,43.0,16.0,12.0,back
1533758169.1453438,-2.84,-1.95,9.0,0.0625,-0.0625,-0.0625,359.75,-17.0625,12.375,0.21,0.0,0.0,0.0,0.0,0.0,0.0,0.0,20.0,20.0,25.0,0.0,0.0,14.0,0.0,26.0,0.0,0.0,41.0,0.0,0.0,back
1533758169.7922885,-2.83,-1.96,9.01,-0.125,-0.0625,0.0,359.75,-17.0625,12.375,0.21,0.0,2.0,0.0,0.0,16.0,0.0,0.0,27.0,24.0,39.0,0.0,0.0,24.0,0.0,22.0,0.0,0.0,32.0,19.0,12.0,back
1533758170.444186,-2.85,-1.94,9.14,-0.125,0.3125,-0.125,359.75,-17.0625,12.375,0.21,0.0,0.0,0.0,3.0,0.0,0.0,0.0,25.0,30.0,28.0,0.0,0.0,22.0,0.0,30.0,0.0,0.0,42.0,17.0,15.0,back
1533758171.090685,-2.83,-1.97,9.08,-0.0625,0.0625,0.125,359.75,-17.0625,12.375,0.21,0.0,0.0,0.0,0.0,0.0,0.0,0.0,19.0,30.0,42.0,0.0,0.0,24.0,0.0,45.0,0.0,0.0,52.0,21.0,41.0,back
1533758171.737683,-2.84,-1.97,9.13,0.1875,0.0625,0.125,359.75,-17.0625,12.375,0.21,0.0,0.0,0.0,0.0,0.0,0.0,0.0,20.0,22.0,27.0,0.0,0.0,15.0,0.0,28.0,0.0,0.0,43.0,18.0,13.0,back
1533758172.3857737,-2.86,-1.96,9.11,0.0,0.0,0.0625,359.75,-17.0625,12.375,0.21,0.0,0.0,0.0,0.0,0.0,0.0,0.0,0.0,20.0,26.0,0.0,0.0,15.0,0.0,28.0,0.0,0.0,42.0,16.0,14.0,back
1533758173.0364335,-2.85,-2.0,9.08,0.0,-0.25,0.0,359.75,-17.0625,12.375,0.21,0.0,0.0,0.0,0.0,0.0,0.0,0.0,16.0,11.0,13.0,0.0,0.0,10.0,0.0,22.0,0.0,0.0,29.0,16.0,16.0,back
1533758173.6833332,-2.85,-1.97,9.14,-0.3125,-0.0625,0.0,359.75,-17.0625,12.375,0.21,0.0,0.0,0.0,0.0,0.0,0.0,0.0,23.0,0.0,22.0,0.0,0.0,0.0,0.0,8.0,0.0,0.0,24.0,16.0,13.0,back
1533758174.330075,-2.86,-1.95,9.1,0.0,-0.1875,0.0625,359.75,-17.0625,12.375,0.22,0.0,0.0,0.0,0.0,0.0,0.0,0.0,18.0,0.0,2.0,0.0,0.0,13.0,0.0,11.0,0.0,0.0,21.0,9.0,0.0,back
1533758174.9818215,-2.85,-1.94,9.09,0.375,0.125,0.0625,359.75,-17.0625,12.375,0.21,0.0,0.0,0.0,0.0,0.0,0.0,0.0,21.0,24.0,28.0,0.0,0.0,16.0,0.0,29.0,0.0,0.0,41.0,17.0,13.0,back
1533758175.6291902,-2.85,-1.94,9.08,0.0625,-0.125,0.0625,359.75,-17.0625,12.375,0.21,0.0,0.0,0.0,0.0,0.0,0.0,0.0,22.0,22.0,27.0,0.0,0.0,15.0,0.0,16.0,0.0,0.0,41.0,15.0,0.0,back
1533758176.2796643,-2.84,-1.96,9.1,0.0,-0.25,0.0,359.75,-17.0625,12.375,0.21,0.0,0.0,0.0,0.0,0.0,0.0,0.0,20.0,21.0,26.0,0.0,0.0,12.0,0.0,0.0,0.0,0.0,37.0,0.0,0.0,back
1533758176.9316049,-2.84,-1.95,9.0,-0.1875,-0.0625,0.0625,359.75,-17.0625,12.375,0.21,0.0,0.0,0.0,0.0,0.0,0.0,0.0,20.0,20.0,10.0,0.0,0.0,0.0,0.0,9.0,0.0,0.0,34.0,0.0,3.0,back
1533758177.5788524,-2.86,-1.94,9.05,0.0625,0.0625,0.0,359.75,-17.0625,12.375,0.22,0.0,5.0,0.0,0.0,15.0,0.0,0.0,25.0,26.0,33.0,0.0,0.0,37.0,0.0,35.0,0.0,0.0,52.0,17.0,14.0,back
1533758178.225414,-2.84,-1.96,9.11,0.0,-0.0625,-0.0625,359.75,-17.0625,12.375,0.21,0.0,0.0,0.0,6.0,0.0,0.0,0.0,43.0,30.0,40.0,0.0,0.0,0.0,0.0,42.0,0.0,0.0,46.0,19.0,7.0,back
1533758178.877062,-2.84,-1.95,9.09,0.125,-0.0625,-0.0625,359.75,-17.0625,12.375,0.21,0.0,0.0,0.0,0.0,0.0,0.0,0.0,20.0,24.0,28.0,0.0,0.0,18.0,0.0,37.0,0.0,0.0,59.0,23.0,24.0,back
1533758179.5240552,-2.85,-1.96,9.15,0.0,0.0625,0.0,359.75,-17.0625,12.375,0.21,0.0,0.0,0.0,0.0,0.0,0.0,0.0,22.0,22.0,26.0,0.0,0.0,16.0,0.0,30.0,0.0,0.0,42.0,19.0,14.0,back
1533758180.1710691,-2.83,-1.95,9.14,-0.125,0.25,0.0,359.75,-17.0625,12.375,0.21,0.0,0.0,0.0,0.0,0.0,0.0,0.0,0.0,13.0,10.0,0.0,0.0,0.0,0.0,24.0,0.0,0.0,45.0,16.0,14.0,back
1533758180.8178108,-2.84,-1.94,9.07,-0.125,0.0625,0.0,359.75,-17.0625,12.375,0.21,0.0,0.0,0.0,0.0,13.0,0.0,0.0,21.0,23.0,28.0,0.0,0.0,16.0,0.0,30.0,0.0,0.0,42.0,15.0,0.0,back
1533758181.4661772,-2.84,-1.96,9.13,0.0,0.0625,-0.125,359.75,-17.0625,12.375,0.21,0.0,0.0,0.0,0.0,0.0,0.0,0.0,21.0,23.0,28.0,0.0,0.0,8.0,0.0,18.0,0.0,0.0,27.0,0.0,0.0,back
1533758182.1168962,-2.85,-1.98,9.09,-0.0625,0.0625,0.125,359.75,-17.0625,12.375,0.22,0.0,0.0,0.0,0.0,0.0,0.0,0.0,21.0,23.0,28.0,0.0,0.0,17.0,0.0,30.0,0.0,0.0,43.0,10.0,0.0,back
1533758182.7676709,-2.84,-1.99,9.07,-0.25,0.0625,-0.0625,359.75,-17.0625,12.375,0.22,0.0,6.0,0.0,0.0,23.0,0.0,0.0,13.0,24.0,36.0,0.0,0.0,17.0,0.0,31.0,0.0,0.0,39.0,18.0,14.0,back
1533758189.7900438,-2.83,-2.0,8.98,-0.0625,0.0625,-0.0625,359.75,-17.0625,12.375,0.22,0.0,0.0,0.0,0.0,0.0,0.0,0.0,21.0,23.0,27.0,0.0,0.0,14.0,0.0,16.0,0.0,0.0,33.0,0.0,0.0,left
1533758189.8242276,-2.87,-1.99,9.02,0.0625,0.0,-0.0625,359.75,-17.0625,12.375,0.22,0.0,0.0,0.0,0.0,0.0,0.0,0.0,21.0,24.0,28.0,0.0,0.0,16.0,0.0,30.0,0.0,0.0,44.0,14.0,0.0,left
1533758189.8524733,-2.82,-1.97,9.02,0.125,-0.3125,0.0625,359.75,-17.0625,12.375,0.21,0.0,0.0,0.0,0.0,0.0,0.0,0.0,29.0,31.0,26.0,0.0,0.0,0.0,0.0,37.0,0.0,0.0,53.0,24.0,17.0,left
1533758189.881416,-2.69,-1.98,9.45,-7.8125,-12.3125,-0.75,359.6875,-16.125,12.5625,0.23,0.0,0.0,0.0,6.0,0.0,0.0,0.0,21.0,31.0,57.0,0.0,0.0,18.0,0.0,44.0,0.0,0.0,21.0,18.0,19.0,left
1533758189.9097068,-1.29,-3.22,8.65,11.3125,5.125,0.75,358.5,-8.125,19.75,0.21,0.0,0.0,0.0,0.0,0.0,0.0,0.0,0.0,13.0,18.0,0.0,0.0,0.0,0.0,17.0,0.0,0.0,11.0,0.0,0.0,left
1533758189.937047,-1.74,-2.25,8.73,-1.0,-2.6875,-0.75,359.0,-8.8125,14.1875,0.2,0.0,0.0,0.0,0.0,0.0,0.0,0.0,0.0,0.0,14.0,0.0,0.0,0.0,0.0,21.0,0.0,0.0,17.0,15.0,16.0,left
1533758189.953204,0.04,-2.74,9.44,2.75,-12.4375,0.0,357.875,-1.75,14.625,0.17,0.0,0.0,0.0,6.0,0.0,0.0,0.0,0.0,0.0,0.0,0.0,0.0,0.0,0.0,0.0,0.0,0.0,8.0,0.0,0.0,left
1533758189.9647882,0.28,-2.54,9.0,2.4375,-21.0,-3.4375,357.8125,1.8125,14.6875,0.18,0.0,0.0,0.0,0.0,9.0,0.0,0.0,0.0,22.0,38.0,0.0,0.0,0.0,0.0,24.0,0.0,0.0,8.0,20.0,5.0,left
1533758189.9754755,-0.13,-2.95,8.92,-0.875,-37.5,2.625,357.9375,-2.8125,17.8125,0.16,0.0,0.0,0.0,0.0,0.0,0.0,0.0,0.0,0.0,19.0,0.0,0.0,0.0,0.0,18.0,0.0,0.0,10.0,0.0,0.0,left
1533758189.9861825,0.28,-2.61,9.12,1.6875,-3.8125,0.9375,357.1875,1.5625,16.8125,0.19,0.0,0.0,0.0,0.0,12.0,0.0,0.0,0.0,3.0,32.0,0.0,0.0,0.0,0.0,8.0,0.0,0.0,11.0,0.0,10.0,left
1533758189.996577,0.46,-2.85,9.33,-5.0625,0.25,-0.875,357.375,2.875,17.1875,0.22,0.0,0.0,0.0,0.0,0.0,0.0,0.0,0.0,11.0,0.0,0.0,0.0,0.0,0.0,39.0,0.0,0.0,10.0,0.0,0.0,left
1533758190.513464,0.5,-2.76,9.19,0.4375,-0.875,0.0625,357.4375,2.5,17.1875,0.22,0.0,0.0,0.0,0.0,0.0,0.0,0.0,0.0,0.0,29.0,0.0,0.0,0.0,0.0,53.0,0.0,0.0,10.0,0.0,12.0,left
1533758191.1597764,0.34,-2.83,9.1,-0.5625,-0.4375,0.0,357.5,2.375,17.375,0.22,0.0,0.0,0.0,0.0,0.0,0.0,0.0,0.0,13.0,26.0,0.0,0.0,0.0,0.0,20.0,0.0,0.0,11.0,0.0,10.0,left
1533758191.7997198,0.38,-2.88,9.09,-0.3125,-0.1875,0.0,357.5,2.375,17.375,0.22,0.0,0.0,0.0,0.0,0.0,0.0,0.0,0.0,0.0,23.0,0.0,0.0,0.0,0.0,0.0,0.0,0.0,10.0,0.0,0.0,left
1533758192.441712,0.39,-2.85,9.09,0.0625,-0.25,0.0,357.5,2.375,17.375,0.22,0.0,0.0,0.0,0.0,0.0,0.0,0.0,0.0,0.0,27.0,0.0,0.0,0.0,0.0,21.0,0.0,0.0,12.0,0.0,23.0,left
1533758193.084984,0.37,-2.84,9.16,0.1875,-0.1875,-0.125,357.5,2.375,17.375,0.23,0.0,0.0,0.0,0.0,0.0,0.0,0.0,0.0,0.0,18.0,0.0,0.0,0.0,0.0,0.0,0.0,0.0,7.0,0.0,0.0,left
1533758193.7323823,0.37,-2.87,9.11,0.0625,-0.0625,0.0625,357.5,2.375,17.375,0.23,0.0,0.0,0.0,0.0,0.0,0.0,0.0,0.0,14.0,40.0,0.0,0.0,0.0,0.0,32.0,0.0,0.0,10.0,7.0,21.0,left
1533758194.3712294,0.39,-2.85,9.13,0.125,0.0625,0.1875,357.5,2.375,17.375,0.23,0.0,0.0,0.0,0.0,0.0,0.0,0.0,0.0,0.0,19.0,0.0,0.0,0.0,0.0,17.0,0.0,0.0,11.0,0.0,0.0,left
1533758195.018992,0.39,-2.84,9.02,0.0625,-0.0625,0.0,357.5,2.375,17.375,0.22,0.0,0.0,0.0,0.0,24.0,0.0,0.0,0.0,20.0,21.0,0.0,0.0,6.0,0.0,25.0,0.0,0.0,11.0,0.0,17.0,left
1533758195.6576228,0.38,-2.84,9.17,0.125,0.0625,0.0,357.5,2.375,17.375,0.23,0.0,0.0,0.0,0.0,0.0,0.0,0.0,0.0,0.0,0.0,0.0,0.0,0.0,0.0,16.0,0.0,0.0,11.0,0.0,33.0,left
1533758196.3002298,0.39,-2.81,9.13,0.125,0.25,0.125,357.5,2.375,17.3125,0.23,0.0,0.0,0.0,0.0,0.0,0.0,0.0,0.0,8.0,43.0,0.0,0.0,0.0,0.0,25.0,0.0,0.0,10.0,0.0,17.0,left
1533758196.9439123,0.38,-2.84,9.11,-0.125,-0.125,0.0625,357.5,2.375,17.3125,0.22,0.0,0.0,0.0,6.0,0.0,0.0,0.0,0.0,20.0,48.0,0.0,0.0,0.0,0.0,28.0,0.0,0.0,10.0,0.0,18.0,left
1533758197.5903816,0.38,-2.83,9.15,0.0,-0.3125,-0.0625,357.5,2.375,17.3125,0.21,0.0,0.0,0.0,0.0,0.0,0.0,0.0,0.0,0.0,27.0,0.0,0.0,0.0,0.0,27.0,0.0,0.0,11.0,7.0,15.0,left
1533758198.2341213,0.4,-2.82,9.11,0.375,-0.4375,-0.25,357.5,2.4375,17.3125,0.21,0.0,0.0,3.0,0.0,31.0,0.0,0.0,0.0,16.0,76.0,0.0,0.0,0.0,0.0,27.0,0.0,0.0,5.0,0.0,0.0,left
1533758198.872812,0.41,-2.87,9.16,-0.25,0.125,0.0625,357.5,2.4375,17.3125,0.23,0.0,0.0,0.0,0.0,0.0,0.0,0.0,0.0,10.0,63.0,0.0,0.0,0.0,0.0,28.0,0.0,0.0,5.0,1.0,29.0,left
1533758199.5202122,0.41,-2.85,9.17,0.125,0.125,0.0625,357.5,2.4375,17.3125,0.23,0.0,0.0,0.0,0.0,24.0,0.0,0.0,0.0,21.0,86.0,0.0,0.0,0.0,0.0,32.0,0.0,0.0,12.0,0.0,25.0,left
1533758200.1627343,0.41,-2.8,9.1,-0.125,-0.1875,0.0625,357.5,2.4375,17.3125,0.23,0.0,0.0,0.0,0.0,0.0,0.0,0.0,0.0,19.0,95.0,0.0,0.0,0.0,0.0,31.0,0.0,0.0,10.0,0.0,23.0,left
1533758200.810363,0.37,-2.87,9.13,0.0,0.0625,0.0625,357.5,2.4375,17.3125,0.21,0.0,0.0,0.0,0.0,13.0,0.0,0.0,0.0,18.0,111.0,0.0,0.0,0.0,0.0,31.0,0.0,0.0,10.0,10.0,22.0,left
1533758201.4493911,0.39,-2.86,9.01,-0.375,0.1875,0.0625,357.5,2.4375,17.3125,0.21,0.0,0.0,0.0,0.0,0.0,0.0,0.0,0.0,20.0,120.0,0.0,0.0,0.0,0.0,31.0,0.0,0.0,12.0,12.0,25.0,left
1533758202.0921843,0.39,-2.83,9.15,0.0,0.25,0.0625,357.5,2.4375,17.3125,0.22,0.0,0.0,0.0,0.0,14.0,0.0,0.0,0.0,19.0,129.0,0.0,0.0,0.0,0.0,32.0,0.0,0.0,10.0,0.0,27.0,left
1533758202.7350569,0.38,-2.87,9.18,0.0625,-0.0625,0.125,357.5,2.4375,17.3125,0.23,0.0,0.0,0.0,0.0,14.0,0.0,0.0,0.0,20.0,136.0,0.0,0.0,0.0,0.0,37.0,0.0,0.0,9.0,10.0,27.0,left
1533758203.3775053,0.39,-2.88,9.14,0.0,0.0625,0.0,357.5,2.4375,17.3125,0.22,0.0,0.0,0.0,0.0,12.0,0.0,0.0,0.0,22.0,136.0,0.0,0.0,0.0,0.0,32.0,0.0,0.0,6.0,0.0,22.0,left
1533758204.0125706,0.39,-2.84,9.1,0.0,-0.125,0.0,357.5,2.4375,17.3125,0.23,0.0,0.0,0.0,0.0,8.0,0.0,0.0,7.0,32.0,99.0,0.0,0.0,9.0,0.0,53.0,0.0,0.0,10.0,0.0,26.0,left
1533758204.6592233,0.4,-2.86,9.05,0.0,0.125,-0.125,357.5,2.4375,17.3125,0.21,0.0,0.0,0.0,0.0,10.0,0.0,0.0,0.0,27.0,169.0,0.0,0.0,12.0,0.0,34.0,0.0,0.0,10.0,0.0,27.0,left
1533758205.2996335,0.38,-2.89,9.17,-0.0625,-0.0625,-0.0625,357.5,2.375,17.3125,0.21,0.0,0.0,0.0,0.0,0.0,0.0,0.0,0.0,20.0,141.0,0.0,0.0,0.0,0.0,30.0,0.0,0.0,10.0,0.0,25.0,left
1533758205.9421704,0.39,-2.85,9.1,-0.1875,-0.0625,-0.0625,357.5,2.375,17.3125,0.22,0.0,0.0,0.0,0.0,0.0,0.0,0.0,0.0,20.0,149.0,0.0,0.0,0.0,0.0,31.0,0.0,0.0,10.0,12.0,28.0,left
1533758206.5844398,0.38,-2.86,9.1,0.0,-0.4375,-0.125,357.5,2.375,17.3125,0.22,0.0,0.0,0.0,0.0,0.0,0.0,0.0,0.0,20.0,145.0,0.0,0.0,0.0,0.0,41.0,0.0,0.0,8.0,0.0,30.0,left
1533758207.2286856,0.33,-2.94,9.0,0.3125,-0.375,0.125,357.5,2.1875,17.4375,0.31,0.0,0.0,0.0,0.0,15.0,0.0,0.0,0.0,20.0,146.0,0.0,0.0,0.0,0.0,11.0,0.0,0.0,10.0,14.0,24.0,left
1533758207.8712778,0.33,-2.88,9.06,-0.25,0.0625,0.125,357.5,2.1875,17.4375,0.22,0.0,0.0,3.0,0.0,12.0,0.0,0.0,0.0,17.0,195.0,0.0,0.0,0.0,0.0,42.0,0.0,0.0,9.0,0.0,47.0,left
1533758208.5100236,0.26,-3.11,8.93,1.9375,-0.5,-0.25,358.0625,1.125,18.4375,0.2,0.0,0.0,0.0,0.0,0.0,0.0,0.0,0.0,0.0,62.0,0.0,0.0,0.0,0.0,9.0,0.0,0.0,10.0,0.0,19.0,left
1533758209.152517,0.16,-3.02,9.02,0.6875,-0.75,0.3125,357.9375,1.1875,18.125,0.27,0.0,0.0,0.0,0.0,13.0,0.0,0.0,0.0,14.0,117.0,0.0,0.0,0.0,0.0,25.0,0.0,0.0,10.0,0.0,43.0,left
1533758209.7924256,0.23,-3.01,9.0,-0.4375,-0.4375,0.375,357.9375,1.4375,18.3125,0.25,0.0,0.0,0.0,0.0,0.0,0.0,0.0,0.0,16.0,126.0,0.0,0.0,0.0,0.0,26.0,0.0,0.0,8.0,0.0,56.0,left
1533758210.4311664,0.2,-3.06,9.06,0.75,0.5,0.125,357.875,1.4375,18.375,0.24,0.0,0.0,0.0,0.0,0.0,0.0,0.0,0.0,6.0,101.0,0.0,0.0,0.0,0.0,51.0,0.0,0.0,5.0,9.0,42.0,left
1533758211.0738213,0.33,-2.97,9.17,1.25,-1.1875,0.125,357.75,2.125,18.0625,0.28,0.0,0.0,0.0,0.0,0.0,0.0,0.0,0.0,19.0,144.0,0.0,0.0,0.0,0.0,31.0,0.0,0.0,9.0,0.0,30.0,left
1533758211.7149324,0.36,-2.97,9.12,-0.125,-0.125,0.1875,357.6875,2.1875,17.9375,0.27,0.0,0.0,0.0,0.0,0.0,0.0,0.0,0.0,0.0,91.0,0.0,0.0,0.0,0.0,43.0,0.0,0.0,9.0,0.0,29.0,left
1533758212.3600194,0.35,-2.94,9.07,0.1875,-0.1875,-0.125,357.6875,2.1875,17.9375,0.27,0.0,0.0,0.0,0.0,25.0,0.0,0.0,7.0,38.0,142.0,0.0,0.0,0.0,0.0,27.0,0.0,0.0,9.0,10.0,31.0,left
1533758213.002654,0.39,-2.91,9.08,0.6875,-1.1875,-0.0625,357.6875,2.4375,17.6875,0.27,0.0,0.0,0.0,0.0,14.0,0.0,0.0,0.0,18.0,142.0,0.0,0.0,0.0,0.0,29.0,0.0,0.0,9.0,0.0,32.0,left
1533758213.6415584,0.46,-2.88,9.12,-0.0625,0.1875,-0.0625,357.625,2.625,17.625,0.27,0.0,0.0,0.0,0.0,0.0,0.0,0.0,0.0,0.0,152.0,0.0,0.0,0.0,0.0,41.0,0.0,0.0,12.0,0.0,31.0,left
1533758214.2844105,0.43,-2.9,9.12,-0.0625,-0.0625,-0.125,357.625,2.625,17.625,0.28,0.0,0.0,0.0,0.0,0.0,0.0,0.0,0.0,21.0,131.0,0.0,0.0,0.0,0.0,28.0,0.0,0.0,10.0,0.0,34.0,left
1533758214.924668,0.41,-2.9,9.17,0.0625,0.0,-0.0625,357.625,2.625,17.625,0.28,0.0,0.0,0.0,0.0,0.0,0.0,0.0,0.0,19.0,152.0,0.0,0.0,0.0,0.0,29.0,0.0,0.0,9.0,0.0,33.0,left
1533758215.5709991,0.42,-2.92,9.05,-0.125,0.125,0.0625,357.625,2.625,17.625,0.27,0.0,0.0,0.0,0.0,14.0,0.0,0.0,0.0,19.0,150.0,0.0,0.0,0.0,0.0,29.0,0.0,0.0,9.0,10.0,34.0,left
1533758216.2140462,0.43,-2.91,9.05,0.0,0.0625,-0.0625,357.625,2.625,17.625,0.28,0.0,0.0,0.0,0.0,14.0,0.0,0.0,0.0,20.0,153.0,0.0,0.0,0.0,0.0,25.0,0.0,0.0,4.0,14.0,30.0,left
1533758216.8567486,0.41,-2.9,9.11,-0.1875,0.1875,-0.125,357.625,2.625,17.625,0.28,0.0,0.0,0.0,0.0,13.0,0.0,0.0,0.0,18.0,159.0,0.0,0.0,0.0,0.0,34.0,0.0,0.0,6.0,0.0,43.0,left
1533758217.5005982,0.4,-2.87,9.1,-0.3125,0.4375,0.0625,357.625,2.625,17.625,0.27,0.0,0.0,0.0,0.0,14.0,0.0,0.0,0.0,6.0,119.0,0.0,0.0,0.0,0.0,29.0,0.0,0.0,9.0,10.0,32.0,left
1533758218.1434608,0.42,-2.92,9.09,-0.4375,0.0625,-0.125,357.625,2.625,17.625,0.28,0.0,8.0,0.0,0.0,4.0,0.0,0.0,0.0,24.0,186.0,0.0,0.0,3.0,0.0,28.0,0.0,0.0,9.0,0.0,33.0,left
1533758218.7822936,0.39,-2.91,9.01,0.0625,-0.0625,0.0,357.625,2.625,17.625,0.28,0.0,0.0,0.0,0.0,2.0,0.0,0.0,0.0,7.0,151.0,0.0,0.0,0.0,0.0,29.0,0.0,0.0,9.0,0.0,35.0,left
1533758219.4289286,0.42,-2.93,9.03,-0.4375,0.1875,0.0625,357.625,2.625,17.5625,0.28,0.0,0.0,0.0,0.0,16.0,0.0,0.0,0.0,20.0,162.0,0.0,0.0,0.0,0.0,30.0,0.0,0.0,9.0,0.0,36.0,left
1533758220.0728765,0.4,-2.9,9.1,0.25,0.0,0.125,357.625,2.625,17.5625,0.29,0.0,0.0,0.0,0.0,14.0,0.0,0.0,0.0,19.0,162.0,0.0,0.0,0.0,0.0,30.0,0.0,0.0,9.0,0.0,36.0,left
1533758226.7182314,0.4,-2.92,9.11,0.0625,-0.0625,0.125,357.625,2.625,17.5625,0.28,0.0,0.0,0.0,0.0,14.0,0.0,0.0,0.0,22.0,163.0,0.0,0.0,0.0,0.0,28.0,0.0,0.0,9.0,0.0,34.0,stomach
1533758226.7497923,0.4,-2.9,9.12,0.125,-0.0625,0.0,357.625,2.625,17.5625,0.27,0.0,0.0,0.0,0.0,14.0,0.0,0.0,0.0,25.0,246.0,0.0,0.0,0.0,0.0,29.0,0.0,0.0,17.0,0.0,35.0,stomach
1533758226.7787867,0.43,-2.78,9.13,2.875,-1.4375,-0.1875,357.625,2.75,17.25,0.27,0.0,0.0,0.0,0.0,14.0,0.0,0.0,0.0,15.0,105.0,0.0,0.0,0.0,0.0,0.0,0.0,0.0,8.0,0.0,15.0,stomach
1533758226.8071945,0.46,-3.31,9.18,-6.625,-18.625,5.5,356.5,1.125,20.8125,0.24,0.0,0.0,0.0,0.0,17.0,0.0,0.0,0.0,0.0,160.0,0.0,0.0,0.0,0.0,25.0,0.0,0.0,9.0,0.0,29.0,stomach
1533758226.831275,-0.2,-4.12,8.45,7.25,9.5,-2.75,356.75,-0.125,19.8125,0.21,0.0,0.0,0.0,0.0,0.0,0.0,0.0,0.0,0.0,122.0,0.0,0.0,0.0,0.0,20.0,0.0,0.0,6.0,0.0,49.0,stomach
1533758226.84218,-0.98,-1.86,9.66,2.0625,3.125,0.625,357.4375,-5.0,11.0,0.18,0.0,0.0,0.0,0.0,0.0,0.0,0.0,0.0,0.0,16.0,0.0,0.0,0.0,0.0,0.0,0.0,0.0,0.0,0.0,0.0,stomach
1533758226.8533444,-2.23,-2.11,8.93,-10.8125,12.625,-2.6875,0.0,-11.1875,15.5625,0.38,0.0,0.0,0.0,1.0,0.0,0.0,0.0,0.0,0.0,21.0,0.0,0.0,0.0,0.0,28.0,0.0,0.0,13.0,0.0,15.0,stomach
1533758226.8648074,0.0,-1.09,8.89,36.1875,-41.8125,16.0,355.625,6.125,3.9375,0.4,0.0,0.0,0.0,25.0,0.0,0.0,0.0,0.0,27.0,36.0,0.0,0.0,0.0,0.0,24.0,0.0,0.0,8.0,49.0,51.0,stomach
1533758226.8756006,-1.71,-2.19,9.69,5.25,19.0,-0.9375,358.625,-8.25,14.1875,0.46,0.0,0.0,0.0,0.0,0.0,0.0,0.0,0.0,0.0,20.0,0.0,0.0,0.0,0.0,29.0,48.0,0.0,13.0,36.0,57.0,stomach
1533758226.8871129,-0.6,-2.94,8.98,8.25,4.25,2.3125,357.9375,-3.6875,16.25,0.46,0.0,0.0,0.0,2.0,0.0,0.0,0.0,0.0,16.0,23.0,0.0,0.0,0.0,0.0,37.0,0.0,0.0,13.0,45.0,58.0,stomach
1533758227.170235,-0.51,-2.66,8.92,-1.5,-0.4375,0.125,358.0,-3.6875,16.0625,0.44,0.0,0.0,0.0,0.0,0.0,0.0,0.0,0.0,21.0,14.0,0.0,0.0,0.0,0.0,29.0,21.0,0.0,19.0,46.0,53.0,stomach
1533758227.821354,-0.53,-2.71,9.18,0.4375,-0.3125,0.0,358.0,-3.6875,16.25,0.43,0.0,0.0,0.0,0.0,0.0,0.0,0.0,0.0,0.0,19.0,0.0,0.0,0.0,0.0,26.0,28.0,0.0,39.0,35.0,28.0,stomach
1533758228.4681988,-0.57,-2.73,9.16,0.5,0.1875,-0.0625,358.0,-3.625,16.25,0.42,0.0,0.0,0.0,0.0,0.0,0.0,0.0,0.0,0.0,21.0,0.0,0.0,5.0,0.0,22.0,26.0,4.0,26.0,34.0,83.0,stomach
1533758229.1198585,-0.56,-2.76,9.23,0.25,-0.125,-0.125,358.0,-3.625,16.25,0.42,0.0,0.0,0.0,0.0,0.0,0.0,0.0,0.0,0.0,12.0,0.0,0.0,0.0,0.0,26.0,33.0,0.0,6.0,35.0,23.0,stomach
1533758229.7708974,-0.58,-2.71,9.22,0.25,0.0625,-0.0625,358.0,-3.625,16.25,0.43,0.0,0.0,0.0,9.0,0.0,0.0,0.0,0.0,16.0,13.0,0.0,0.0,18.0,0.0,42.0,35.0,0.0,17.0,48.0,56.0,stomach
1533758230.4226036,-0.54,-2.76,9.23,0.5,-0.0625,0.0,358.0,-3.625,16.25,0.42,0.0,0.0,0.0,0.0,0.0,0.0,0.0,0.0,16.0,22.0,0.0,0.0,6.0,0.0,43.0,29.0,0.0,6.0,51.0,54.0,stomach
1533758231.0699058,-0.55,-2.76,9.2,-0.5,0.25,0.0625,358.0,-3.625,16.25,0.41,0.0,0.0,0.0,0.0,17.0,0.0,0.0,0.0,20.0,28.0,0.0,0.0,12.0,0.0,46.0,34.0,0.0,9.0,43.0,51.0,stomach
1533758231.720366,-0.55,-2.76,9.24,-0.1875,0.0,0.0625,358.0,-3.625,16.25,0.42,0.0,0.0,0.0,8.0,0.0,0.0,0.0,0.0,13.0,14.0,0.0,0.0,0.0,0.0,32.0,36.0,0.0,4.0,19.0,56.0,stomach
1533758232.3636386,-0.54,-2.79,9.23,0.0625,0.0625,0.125,358.0,-3.625,16.25,0.4,0.0,0.0,0.0,0.0,9.0,0.0,0.0,0.0,25.0,37.0,0.0,0.0,0.0,0.0,48.0,36.0,0.0,19.0,44.0,50.0,stomach
1533758233.0192876,-0.54,-2.69,9.18,0.25,-0.0625,-0.125,358.0,-3.625,16.0625,0.4,0.0,0.0,0.0,0.0,10.0,0.0,0.0,0.0,21.0,31.0,0.0,0.0,13.0,0.0,49.0,32.0,0.0,19.0,50.0,48.0,stomach
1533758233.674093,-0.54,-2.7,9.26,-0.3125,-0.25,0.0625,358.0,-3.625,16.0625,0.41,0.0,0.0,0.0,0.0,17.0,0.0,0.0,0.0,20.0,22.0,0.0,0.0,0.0,0.0,36.0,32.0,0.0,12.0,15.0,44.0,stomach
1533758234.326097,-0.54,-2.73,9.2,0.1875,0.0,-0.125,358.0,-3.625,16.0625,0.42,0.0,0.0,0.0,9.0,0.0,0.0,0.0,0.0,18.0,24.0,0.0,0.0,0.0,0.0,44.0,36.0,2.0,29.0,40.0,45.0,stomach
1533758234.9729354,-0.55,-2.78,9.19,0.25,0.125,0.125,358.0,-3.625,16.0625,0.4,0.0,0.0,0.0,0.0,0.0,0.0,0.0,0.0,0.0,23.0,0.0,0.0,0.0,0.0,32.0,36.0,0.0,0.0,22.0,27.0,stomach
1533758235.6235237,-0.53,-2.73,9.22,0.1875,0.0625,0.1875,358.0,-3.625,16.0625,0.42,0.0,0.0,0.0,0.0,0.0,0.0,0.0,10.0,0.0,17.0,0.0,0.0,0.0,0.0,33.0,34.0,0.0,17.0,68.0,54.0,stomach
1533758236.275527,-0.54,-2.75,9.18,-0.5625,0.0,0.0,358.0,-3.625,16.0625,0.43,0.0,0.0,0.0,0.0,0.0,0.0,0.0,10.0,18.0,30.0,0.0,0.0,0.0,0.0,42.0,19.0,0.0,16.0,41.0,46.0,stomach
1533758236.9303303,-0.56,-2.75,9.17,-0.25,-0.1875,0.125,358.0,-3.625,16.0625,0.42,0.0,0.0,0.0,0.0,17.0,0.0,0.0,0.0,23.0,32.0,0.0,0.0,14.0,0.0,47.0,28.0,0.0,21.0,49.0,52.0,stomach
1533758237.5825508,-0.57,-2.72,9.14,0.5625,0.0625,-0.1875,358.0,-3.625,16.0625,0.39,0.0,0.0,0.0,10.0,18.0,0.0,0.0,0.0,24.0,34.0,0.0,0.0,18.0,0.0,58.0,29.0,0.0,22.0,58.0,64.0,stomach
1533758238.2372422,-0.58,-2.71,9.12,0.25,-0.25,-0.125,358.0,-3.625,16.0625,0.39,0.0,0.0,0.0,10.0,24.0,0.0,0.0,0.0,32.0,42.0,0.0,0.0,24.0,0.0,56.0,34.0,6.0,22.0,45.0,50.0,stomach
1533758238.8921018,-0.52,-2.72,9.16,0.25,-0.1875,0.0,358.0,-3.625,16.0625,0.41,0.0,0.0,0.0,11.0,17.0,0.0,0.0,10.0,24.0,34.0,0.0,0.0,14.0,0.0,48.0,26.0,0.0,20.0,50.0,34.0,stomach
1533758239.552266,-0.56,-2.75,9.2,-0.0625,0.0625,-0.0625,358.0,-3.625,16.0625,0.4,0.0,0.0,0.0,10.0,17.0,0.0,0.0,23.0,31.0,47.0,0.0,0.0,16.0,0.0,66.0,35.0,6.0,26.0,63.0,59.0,stomach
1533758240.2030556,-0.56,-2.75,9.15,0.25,0.125,0.0,358.0,-3.625,16.0625,0.38,0.0,0.0,0.0,27.0,19.0,0.0,0.0,0.0,29.0,60.0,0.0,0.0,16.0,0.0,42.0,21.0,7.0,12.0,60.0,45.0,stomach
1533758240.859021,-0.56,-2.68,9.13,-0.125,-0.4375,0.0625,358.0,-3.625,16.0625,0.39,0.0,0.0,0.0,10.0,16.0,0.0,0.0,0.0,25.0,35.0,0.0,0.0,15.0,0.0,50.0,30.0,0.0,20.0,49.0,19.0,stomach
1533758241.510124,-0.56,-2.72,9.31,-0.0625,0.0,-0.125,358.0,-3.625,16.0625,0.41,0.0,0.0,0.0,0.0,5.0,0.0,0.0,13.0,20.0,48.0,0.0,0.0,0.0,0.0,51.0,12.0,0.0,21.0,47.0,50.0,stomach
1533758242.1608424,-0.53,-2.74,9.21,0.0625,0.125,0.125,358.0,-3.625,16.0625,0.4,0.0,0.0,0.0,16.0,0.0,0.0,0.0,0.0,18.0,31.0,0.0,0.0,0.0,0.0,46.0,34.0,0.0,20.0,48.0,51.0,stomach
1533758242.8166485,-0.55,-2.73,9.18,0.1875,0.0625,0.0,358.0,-3.625,16.0625,0.4,0.0,0.0,0.0,0.0,23.0,0.0,0.0,11.0,25.0,37.0,0.0,0.0,16.0,0.0,51.0,35.0,0.0,23.0,49.0,51.0,stomach
1533758243.4675806,-0.55,-2.76,9.24,-0.1875,0.25,0.0625,358.0,-3.625,16.0625,0.4,0.0,0.0,0.0,11.0,19.0,0.0,0.0,0.0,45.0,48.0,0.0,0.0,21.0,0.0,62.0,27.0,0.0,22.0,48.0,37.0,stomach
1533758244.1237586,-0.55,-2.71,9.16,0.0625,-0.125,-0.125,358.0,-3.625,16.0625,0.4,0.0,0.0,0.0,0.0,36.0,0.0,0.0,13.0,31.0,45.0,0.0,0.0,17.0,0.0,48.0,35.0,0.0,21.0,49.0,51.0,stomach
1533758244.7739851,-0.52,-2.73,9.19,0.0625,0.125,0.125,358.0,-3.625,16.0625,0.38,0.0,0.0,0.0,11.0,18.0,0.0,0.0,0.0,26.0,38.0,0.0,0.0,16.0,0.0,50.0,37.0,0.0,23.0,48.0,20.0,stomach
1533758245.424726,-0.54,-2.71,9.17,0.1875,0.125,-0.0625,358.0,-3.625,16.0625,0.39,0.0,0.0,0.0,0.0,18.0,0.0,0.0,0.0,26.0,24.0,0.0,0.0,0.0,0.0,30.0,22.0,0.0,20.0,44.0,35.0,stomach
1533758246.0771372,-0.55,-2.68,9.18,-0.1875,-0.125,0.0,358.0,-3.625,16.0625,0.41,0.0,0.0,0.0,10.0,4.0,0.0,0.0,0.0,18.0,25.0,0.0,0.0,19.0,0.0,38.0,0.0,0.0,19.0,46.0,80.0,stomach
1533758246.7278364,-0.54,-2.73,9.13,0.125,-0.125,0.125,358.0,-3.625,16.0625,0.39,0.0,0.0,0.0,10.0,17.0,0.0,0.0,6.0,22.0,28.0,0.0,0.0,15.0,0.0,30.0,24.0,0.0,18.0,53.0,41.0,stomach
1533758247.378614,-0.54,-2.74,9.22,0.0,0.0,-0.0625,358.0,-3.625,16.0625,0.39,0.0,0.0,0.0,0.0,16.0,0.0,0.0,0.0,37.0,26.0,0.0,0.0,16.0,0.0,37.0,38.0,0.0,23.0,53.0,56.0,stomach
1533758248.0383685,-0.52,-2.72,9.23,-0.125,-0.0625,-0.0625,358.0,-3.625,16.0625,0.39,0.0,0.0,0.0,15.0,20.0,0.0,0.0,22.0,34.0,52.0,0.0,0.0,24.0,0.0,61.0,7.0,9.0,24.0,54.0,38.0,stomach
1533758248.6854384,-0.53,-2.7,9.22,0.3125,0.0625,0.125,358.0,-3.625,16.0625,0.4,0.0,0.0,0.0,10.0,17.0,0.0,0.0,11.0,29.0,41.0,0.0,0.0,17.0,0.0,60.0,0.0,0.0,21.0,58.0,64.0,stomach
1533758249.3412402,-0.55,-2.72,9.18,0.0,0.0,-0.0625,358.0,-3.625,16.0625,0.38,0.0,0.0,0.0,11.0,26.0,0.0,0.0,11.0,34.0,51.0,0.0,0.0,22.0,0.0,44.0,37.0,0.0,21.0,61.0,67.0,stomach
1533758249.9958866,-0.53,-2.73,9.19,0.3125,0.125,-0.0625,358.0,-3.625,16.0625,0.38,0.0,0.0,0.0,11.0,17.0,0.0,0.0,0.0,22.0,31.0,0.0,0.0,5.0,0.0,21.0,30.0,0.0,5.0,45.0,44.0,stomach
1533758250.650886,-0.52,-2.68,9.16,0.375,0.125,-0.0625,358.0,-3.625,16.0625,0.39,0.0,0.0,0.0,7.0,21.0,0.0,0.0,0.0,23.0,40.0,0.0,0.0,17.0,0.0,48.0,33.0,0.0,24.0,50.0,56.0,stomach
1533758251.3031292,-0.53,-2.67,9.23,0.0625,0.125,-0.0625,358.0,-3.625,16.0625,0.39,0.0,0.0,0.0,0.0,16.0,0.0,0.0,11.0,28.0,43.0,0.0,0.0,18.0,0.0,49.0,0.0,0.0,21.0,69.0,72.0,stomach
1533758251.9578736,-0.52,-2.68,9.23,-0.0625,0.0,0.0,358.0,-3.625,16.0625,0.4,0.0,0.0,0.0,11.0,16.0,0.0,0.0,10.0,32.0,75.0,0.0,0.0,19.0,0.0,84.0,0.0,0.0,25.0,49.0,100.0,stomach
1533758252.6051633,-0.52,-2.7,9.18,0.1875,0.125,-0.125,358.0,-3.625,16.0625,0.4,0.0,0.0,0.0,14.0,0.0,0.0,0.0,0.0,24.0,45.0,0.0,0.0,18.0,0.0,49.0,0.0,0.0,23.0,47.0,56.0,stomach
1533758253.2609668,-0.5,-2.65,9.14,0.25,-0.3125,-0.1875,358.0,-3.625,16.0625,0.38,0.0,0.0,0.0,17.0,9.0,0.0,0.0,11.0,31.0,45.0,0.0,0.0,19.0,0.0,50.0,8.0,0.0,22.0,48.0,53.0,stomach
1533758253.915907,-0.53,-2.68,9.21,0.0,-0.125,0.0,358.0,-3.625,16.0625,0.38,0.0,0.0,0.0,25.0,0.0,0.0,0.0,0.0,19.0,45.0,0.0,0.0,16.0,0.0,52.0,0.0,0.0,23.0,50.0,57.0,stomach
1533758254.570859,-0.52,-2.68,9.21,0.0,0.0625,0.125,358.0,-3.625,16.0625,0.38,0.0,0.0,0.0,10.0,17.0,0.0,0.0,12.0,29.0,46.0,0.0,0.0,18.0,0.0,51.0,0.0,0.0,23.0,48.0,58.0,stomach
1533758255.2140486,-0.53,-2.72,9.18,0.0,0.25,0.0625,358.0,-3.625,16.0625,0.37,0.0,0.0,0.0,0.0,0.0,0.0,0.0,0.0,25.0,44.0,0.0,0.0,18.0,0.0,47.0,0.0,0.0,22.0,49.0,57.0,stomach
1533758255.869536,-0.52,-2.68,9.16,-0.0625,-0.1875,0.0625,358.0,-3.625,16.0625,0.4,0.0,0.0,0.0,0.0,0.0,0.0,0.0,12.0,27.0,46.0,0.0,0.0,18.0,0.0,52.0,0.0,0.0,23.0,49.0,61.0,stomach
1533758256.5205255,-0.55,-2.68,9.17,-0.25,-0.25,0.0625,358.0,-3.625,16.0625,0.38,0.0,0.0,0.0,0.0,16.0,0.0,0.0,10.0,30.0,46.0,0.0,0.0,19.0,0.0,51.0,0.0,0.0,24.0,52.0,60.0,stomach
1533758263.7459807,-0.51,-2.68,9.21,-0.125,-0.125,-0.0625,358.0,-3.625,16.0625,0.37,0.0,0.0,0.0,19.0,18.0,0.0,0.0,0.0,41.0,62.0,0.0,0.0,23.0,0.0,63.0,0.0,0.0,34.0,54.0,70.0,right
1533758263.77511,-0.52,-2.68,9.15,0.25,0.1875,0.0,358.0,-3.625,16.0625,0.38,0.0,0.0,0.0,16.0,19.0,0.0,0.0,11.0,39.0,57.0,0.0,0.0,9.0,0.0,53.0,0.0,0.0,21.0,51.0,69.0,right
1533758263.8028996,-0.52,-2.66,9.13,0.0625,0.0,-0.125,358.0,-3.625,16.0625,0.37,0.0,0.0,0.0,0.0,22.0,0.0,0.0,8.0,30.0,41.0,0.0,0.0,18.0,0.0,53.0,0.0,0.0,25.0,48.0,59.0,right
1533758263.8247445,-0.51,-3.37,9.85,-36.6875,29.9375,5.6875,357.625,-5.5,19.3125,0.62,0.0,0.0,0.0,0.0,0.0,0.0,0.0,0.0,0.0,17.0,0.0,0.0,0.0,0.0,21.0,0.0,0.0,11.0,10.0,2.0,right
1533758263.8362174,-1.86,-2.78,9.68,3.375,-5.1875,0.875,357.625,-11.4375,15.0625,0.21,0.0,0.0,0.0,0.0,0.0,0.0,0.0,0.0,0.0,13.0,0.0,0.0,0.0,0.0,17.0,0.0,0.0,10.0,12.0,12.0,right
1533758263.847592,-0.92,-2.26,8.06,-0.0625,-2.125,0.1875,357.1875,-9.875,14.5625,0.19,0.0,0.0,0.0,0.0,0.0,0.0,0.0,0.0,0.0,14.0,0.0,0.0,0.0,0.0,16.0,0.0,0.0,8.0,13.0,12.0,right
1533758263.8590624,-1.7,-2.28,10.43,14.25,-11.0,0.75,357.625,-12.1875,14.9375,0.23,0.0,0.0,0.0,0.0,0.0,0.0,0.0,4.0,0.0,21.0,12.0,0.0,0.0,0.0,16.0,0.0,0.0,8.0,11.0,12.0,right
1533758263.8707764,-1.54,-1.94,8.99,12.0,-9.0,-0.5625,359.0,-9.5625,13.5,0.2,0.0,0.0,0.0,0.0,0.0,38.0,0.0,0.0,0.0,0.0,0.0,0.0,0.0,0.0,0.0,0.0,0.0,11.0,0.0,0.0,right
1533758263.8819697,-2.55,-3.99,11.74,-3.75,16.75,-5.0625,359.25,-13.1875,16.1875,0.28,0.0,0.0,0.0,0.0,0.0,0.0,0.0,0.0,0.0,0.0,0.0,0.0,0.0,0.0,0.0,0.0,0.0,6.0,0.0,0.0,right
1533758263.893822,-2.48,-1.7,8.7,-2.4375,1.5625,-0.375,1.9375,-18.3125,13.1875,0.18,0.0,10.0,0.0,0.0,0.0,856.0,5.0,13.0,14.0,23.0,0.0,0.0,20.0,0.0,25.0,0.0,14.0,18.0,18.0,25.0,right
1533758263.9048605,-3.36,-1.83,9.24,1.3125,2.3125,-1.0,2.875,-20.25,12.625,0.18,0.0,18.0,0.0,0.0,0.0,0.0,0.0,12.0,0.0,19.0,10.0,0.0,0.0,0.0,18.0,0.0,0.0,13.0,12.0,12.0,right
1533758264.339175,-3.12,-1.9,8.78,-1.4375,-2.875,-0.0625,2.5625,-19.8125,12.6875,0.18,0.0,7.0,0.0,0.0,0.0,0.0,0.0,11.0,0.0,19.0,23.0,0.0,0.0,0.0,20.0,0.0,0.0,12.0,13.0,18.0,right
1533758264.9824626,-3.32,-2.07,9.0,0.1875,-0.75,0.0625,2.5625,-19.9375,12.8125,0.18,0.0,8.0,0.0,0.0,0.0,856.0,2.0,0.0,0.0,0.0,26.0,0.0,0.0,0.0,20.0,0.0,0.0,0.0,7.0,22.0,right
1533758265.646555,-3.33,-2.05,8.99,0.125,0.1875,-0.125,2.5625,-19.875,12.8125,0.18,0.0,8.0,0.0,0.0,29.0,857.0,14.0,16.0,15.0,37.0,35.0,9.0,19.0,0.0,15.0,0.0,0.0,20.0,0.0,16.0,right
1533758266.3011012,-3.33,-2.01,8.98,-0.375,0.1875,0.0,2.5625,-19.875,12.8125,0.17,0.0,11.0,3.0,0.0,0.0,857.0,6.0,14.0,13.0,20.0,22.0,0.0,13.0,0.0,21.0,0.0,0.0,12.0,12.0,0.0,right
1533758266.9443989,-3.32,-2.06,8.97,-0.25,0.1875,0.0,2.5625,-19.875,12.8125,0.18,0.0,8.0,0.0,0.0,0.0,856.0,3.0,0.0,0.0,0.0,28.0,0.0,0.0,0.0,9.0,0.0,0.0,7.0,1.0,9.0,right
1533758267.5997498,-3.34,-2.05,8.97,-0.125,0.0625,0.0625,2.5625,-19.875,12.8125,0.17,0.0,5.0,0.0,0.0,0.0,856.0,0.0,0.0,0.0,11.0,28.0,0.0,0.0,0.0,33.0,0.0,0.0,8.0,0.0,0.0,right
1533758268.2465096,-3.33,-2.06,8.93,-0.25,0.1875,0.0,2.5625,-19.875,12.8125,0.17,0.0,9.0,0.0,0.0,0.0,856.0,0.0,0.0,0.0,0.0,28.0,0.0,0.0,0.0,2.0,0.0,0.0,0.0,0.0,8.0,right
1533758268.9021542,-3.34,-2.09,8.97,-0.1875,-0.125,0.0625,2.5625,-19.875,12.8125,0.18,0.0,13.0,0.0,0.0,0.0,856.0,0.0,0.0,0.0,21.0,25.0,0.0,0.0,0.0,5.0,0.0,0.0,8.0,0.0,12.0,right
1533758269.5571902,-3.3,-2.07,8.93,-0.3125,0.1875,-0.0625,2.5625,-19.875,12.8125,0.18,0.0,13.0,0.0,0.0,0.0,855.0,5.0,13.0,0.0,21.0,22.0,0.0,13.0,0.0,22.0,0.0,0.0,12.0,12.0,12.0,right
1533758270.2126606,-3.31,-2.02,8.98,-0.125,0.125,0.125,2.5625,-19.875,12.8125,0.17,0.0,10.0,0.0,0.0,0.0,856.0,8.0,16.0,0.0,22.0,20.0,0.0,13.0,0.0,22.0,0.0,13.0,14.0,22.0,16.0,right
1533758270.8636305,-3.31,-2.06,8.98,0.375,-0.125,0.125,2.5625,-19.875,12.8125,0.18,0.0,11.0,0.0,0.0,0.0,856.0,9.0,16.0,14.0,52.0,19.0,0.0,39.0,0.0,32.0,0.0,13.0,18.0,19.0,32.0,right
1533758271.5157216,-3.33,-2.03,9.01,0.0,0.125,0.0625,2.5625,-19.875,12.8125,0.18,0.0,14.0,0.0,0.0,34.0,856.0,15.0,25.0,17.0,26.0,17.0,0.0,32.0,0.0,51.0,0.0,0.0,16.0,8.0,13.0,right
1533758272.1783307,-3.33,-2.04,8.96,-0.0625,0.125,0.0625,2.5625,-19.875,12.8125,0.18,0.0,12.0,0.0,0.0,0.0,857.0,11.0,16.0,16.0,24.0,17.0,0.0,14.0,0.0,23.0,0.0,0.0,14.0,13.0,17.0,right
1533758272.8342288,-3.3,-2.05,8.94,0.1875,-0.3125,-0.125,2.5625,-19.875,12.8125,0.17,0.0,13.0,0.0,8.0,28.0,856.0,19.0,26.0,19.0,29.0,11.0,0.0,23.0,0.0,32.0,0.0,13.0,15.0,15.0,12.0,right
1533758273.4940836,-3.32,-2.06,8.96,-0.25,0.0625,0.0625,2.5625,-19.875,12.8125,0.18,0.0,9.0,0.0,0.0,0.0,857.0,11.0,17.0,14.0,21.0,19.0,0.0,15.0,0.0,22.0,0.0,0.0,14.0,12.0,16.0,right
1533758274.1490753,-3.31,-2.0,8.94,0.0,-0.125,-0.0625,2.5625,-19.875,12.8125,0.17,0.0,27.0,0.0,0.0,18.0,856.0,19.0,21.0,21.0,30.0,19.0,0.0,29.0,0.0,48.0,0.0,0.0,15.0,0.0,0.0,right
1533758274.8037183,-3.34,-2.03,8.86,-0.25,0.1875,-0.0625,2.5625,-19.875,12.75,0.17,0.0,13.0,0.0,0.0,0.0,856.0,11.0,17.0,15.0,22.0,17.0,0.0,15.0,0.0,21.0,0.0,0.0,12.0,12.0,0.0,right
1533758275.452054,-3.33,-2.02,8.87,-0.1875,-0.0625,0.125,2.5625,-19.875,12.75,0.17,0.0,13.0,0.0,0.0,0.0,856.0,0.0,0.0,0.0,0.0,19.0,0.0,0.0,0.0,14.0,0.0,0.0,12.0,0.0,0.0,right
1533758276.1027246,-3.32,-2.02,8.88,0.3125,0.125,0.0625,2.5625,-19.875,12.75,0.17,0.0,13.0,0.0,0.0,0.0,856.0,6.0,6.0,0.0,12.0,20.0,0.0,0.0,0.0,13.0,0.0,0.0,0.0,1.0,0.0,right
1533758276.757819,-3.31,-2.01,8.98,-0.0625,0.0,0.0,2.5625,-19.875,12.75,0.17,0.0,11.0,0.0,0.0,0.0,0.0,0.0,10.0,0.0,21.0,22.0,0.0,13.0,0.0,23.0,0.0,0.0,13.0,11.0,13.0,right
1533758277.4089422,-3.33,-2.03,8.94,0.3125,-0.125,0.0625,2.5625,-19.875,12.75,0.17,0.0,10.0,0.0,0.0,0.0,0.0,0.0,18.0,13.0,23.0,21.0,0.0,15.0,0.0,22.0,0.0,0.0,12.0,11.0,13.0,right
1533758278.0689554,-3.29,-2.04,8.95,-0.0625,0.125,0.0,2.5625,-19.875,12.75,0.17,0.0,14.0,0.0,0.0,16.0,856.0,34.0,24.0,23.0,37.0,32.0,0.0,0.0,0.0,39.0,0.0,0.0,27.0,13.0,12.0,right
1533758278.719947,-3.31,-2.03,8.95,-0.25,0.125,-0.0625,2.5625,-19.875,12.75,0.17,0.0,12.0,0.0,0.0,0.0,0.0,0.0,16.0,15.0,22.0,17.0,0.0,15.0,0.0,23.0,0.0,0.0,13.0,11.0,13.0,right
1533758279.3708405,-3.32,-2.0,8.86,-0.0625,-0.0625,0.0,2.5625,-19.875,12.75,0.17,0.0,13.0,0.0,0.0,0.0,26.0,0.0,10.0,0.0,20.0,20.0,0.0,0.0,0.0,0.0,0.0,0.0,10.0,0.0,0.0,right
1533758280.018132,-3.31,-2.05,8.94,0.0,0.0,-0.0625,2.5625,-19.875,12.75,0.17,0.0,12.0,0.0,0.0,13.0,0.0,0.0,17.0,15.0,22.0,11.0,0.0,15.0,0.0,21.0,0.0,0.0,10.0,0.0,0.0,right
1533758280.6695912,-3.3,-2.02,8.99,0.0,-0.0625,-0.0625,2.5625,-19.875,12.75,0.17,0.0,12.0,0.0,0.0,0.0,0.0,0.0,0.0,0.0,0.0,0.0,0.0,4.0,0.0,20.0,0.0,0.0,16.0,0.0,11.0,right
1533758281.3204298,-3.32,-2.0,8.95,0.0,0.1875,0.0625,2.5625,-19.875,12.75,0.18,0.0,10.0,0.0,0.0,0.0,856.0,12.0,18.0,16.0,24.0,0.0,0.0,17.0,0.0,16.0,0.0,0.0,7.0,0.0,0.0,right
1533758281.9712026,-3.32,-2.04,8.96,-0.1875,-0.125,0.0,2.5625,-19.875,12.75,0.17,0.0,10.0,0.0,0.0,0.0,856.0,0.0,0.0,0.0,16.0,0.0,0.0,0.0,0.0,17.0,0.0,0.0,0.0,7.0,0.0,right
1533758282.6274438,-3.3,-2.03,8.95,-0.0625,0.0,-0.0625,2.5625,-19.875,12.75,0.17,0.0,23.0,0.0,0.0,15.0,0.0,2.0,20.0,15.0,0.0,0.0,0.0,14.0,0.0,22.0,0.0,0.0,13.0,12.0,11.0,right
1533758283.274447,-3.3,-2.0,8.98,0.1875,-0.0625,-0.125,2.5625,-19.875,12.75,0.17,0.0,7.0,0.0,0.0,0.0,0.0,0.0,16.0,0.0,16.0,22.0,0.0,0.0,0.0,21.0,0.0,0.0,13.0,12.0,12.0,right
1533758283.9337344,-3.3,-2.03,8.95,-0.0625,0.125,0.125,2.5625,-19.875,12.75,0.21,0.0,14.0,0.0,0.0,15.0,0.0,12.0,41.0,23.0,37.0,27.0,0.0,29.0,0.0,28.0,0.0,11.0,31.0,16.0,20.0,right
1533758284.5894382,-3.33,-2.02,8.95,-0.125,0.0625,-0.0625,2.5625,-19.875,12.75,0.17,0.0,14.0,0.0,0.0,16.0,9.0,11.0,18.0,16.0,22.0,20.0,0.0,15.0,0.0,21.0,0.0,0.0,8.0,0.0,0.0,right
1533758285.2366652,-3.33,-2.04,8.93,-0.1875,-0.0625,0.0625,2.5625,-19.875,12.75,0.17,0.0,15.0,0.0,0.0,0.0,0.0,0.0,0.0,0.0,0.0,14.0,0.0,0.0,0.0,17.0,0.0,0.0,0.0,0.0,0.0,right
1533758285.8911755,-3.33,-2.0,8.95,-0.5,-0.0625,0.0625,2.5625,-19.875,12.75,0.17,0.0,14.0,0.0,0.0,0.0,856.0,8.0,11.0,0.0,15.0,10.0,0.0,0.0,0.0,22.0,0.0,0.0,3.0,11.0,7.0,right
1533758286.5461745,-3.32,-2.02,8.98,-0.0625,0.0,-0.0625,2.5625,-19.875,12.75,0.17,0.0,18.0,0.0,0.0,0.0,15.0,0.0,34.0,0.0,18.0,25.0,0.0,12.0,0.0,22.0,0.0,0.0,12.0,11.0,12.0,right
1533758287.2024193,-3.33,-2.03,8.97,-0.1875,-0.0625,0.0,2.5625,-19.875,12.75,0.17,0.0,18.0,0.0,0.0,15.0,0.0,14.0,27.0,21.0,29.0,0.0,0.0,23.0,0.0,29.0,0.0,15.0,16.0,9.0,32.0,right
1533758287.8536115,-3.31,-2.02,8.96,0.25,-0.375,0.0,2.5625,-19.875,12.75,0.17,0.0,14.0,0.0,0.0,3.0,0.0,0.0,0.0,0.0,15.0,0.0,0.0,17.0,0.0,5.0,0.0,0.0,11.0,0.0,0.0,right
1533758288.5085242,-3.33,-2.05,8.93,-0.125,-0.0625,0.0625,2.5625,-19.875,12.75,0.17,0.0,18.0,0.0,0.0,19.0,0.0,18.0,0.0,0.0,6.0,0.0,0.0,15.0,0.0,22.0,0.0,0.0,14.0,11.0,13.0,right
1533758289.168413,-3.33,-1.99,8.99,0.0,0.125,0.0625,2.5625,-19.875,12.75,0.17,0.0,19.0,0.0,0.0,15.0,0.0,13.0,18.0,17.0,27.0,12.0,7.0,22.0,0.0,37.0,0.0,14.0,17.0,23.0,17.0,right
1533758289.8190684,-3.32,-2.02,8.96,0.0,0.0625,0.0,2.5625,-19.875,12.75,0.17,0.0,19.0,0.0,0.0,15.0,856.0,15.0,18.0,17.0,25.0,12.0,0.0,16.0,0.0,23.0,0.0,0.0,12.0,26.0,17.0,right
1533758290.473954,-3.34,-2.06,8.84,-0.0625,0.0,0.0,2.5625,-19.875,12.75,0.17,0.0,19.0,0.0,0.0,15.0,856.0,12.0,17.0,0.0,5.0,12.0,0.0,0.0,0.0,19.0,0.0,0.0,0.0,0.0,0.0,right
1533758291.12791,-3.32,-2.02,8.99,-0.0625,-0.0625,0.125,2.5625,-19.875,12.75,0.17,0.0,18.0,0.0,0.0,0.0,0.0,0.0,0.0,0.0,0.0,27.0,0.0,16.0,0.0,19.0,0.0,0.0,13.0,12.0,12.0,right
1533758291.7813218,-3.32,-2.09,8.97,0.0,-0.1875,0.0,2.5625,-19.875,12.75,0.17,0.0,21.0,0.0,0.0,9.0,0.0,0.0,37.0,35.0,24.0,10.0,0.0,18.0,0.0,22.0,0.0,0.0,14.0,12.0,12.0,right
1533758292.4324598,-3.29,-2.07,8.92,-0.1875,-0.0625,-0.125,2.5625,-19.875,12.75,0.17,0.0,12.0,0.0,12.0,0.0,0.0,15.0,13.0,19.0,26.0,14.0,0.0,15.0,0.0,24.0,0.0,0.0,13.0,10.0,12.0,right
1533758293.0880141,-3.33,-2.03,8.97,0.0,0.125,-0.0625,2.5625,-19.875,12.75,0.17,0.0,20.0,0.0,7.0,15.0,16.0,14.0,23.0,41.0,28.0,19.0,0.0,19.0,0.0,29.0,0.0,0.0,20.0,27.0,0.0,right
1533758293.7353218,-3.29,-2.03,8.98,0.125,-0.0625,-0.0625,2.5625,-19.875,12.75,0.17,0.0,17.0,0.0,0.0,15.0,856.0,15.0,20.0,16.0,25.0,16.0,0.0,18.0,0.0,24.0,0.0,0.0,16.0,16.0,20.0,right
1533758299.8387287,-3.3,-2.02,8.93,0.5,-0.1875,-0.125,2.5625,-19.875,12.75,0.17,0.0,17.0,0.0,0.0,15.0,0.0,15.0,20.0,15.0,24.0,15.0,0.0,0.0,0.0,14.0,0.0,0.0,9.0,0.0,0.0,back
1533758299.8739016,-3.3,-2.02,8.98,-0.25,0.0625,0.25,2.5625,-19.875,12.75,0.16,0.0,28.0,0.0,0.0,18.0,0.0,21.0,23.0,20.0,29.0,21.0,0.0,0.0,0.0,0.0,0.0,0.0,4.0,19.0,11.0,back
1533758299.9064574,-3.32,-2.0,8.97,0.0,-0.0625,0.125,2.5625,-19.875,12.75,0.17,0.0,16.0,0.0,8.0,16.0,856.0,15.0,19.0,18.0,22.0,16.0,0.0,0.0,0.0,4.0,0.0,0.0,8.0,0.0,0.0,back
1533758299.934148,-3.16,-1.92,8.87,4.1875,1.5625,-1.75,3.0,-19.375,11.75,0.18,0.0,36.0,0.0,0.0,0.0,857.0,8.0,0.0,0.0,7.0,0.0,0.0,0.0,0.0,0.0,0.0,0.0,4.0,0.0,0.0,back
1533758299.9625053,-2.25,-1.15,9.23,5.625,-18.6875,3.6875,2.875,-15.5,8.625,0.22,0.0,0.0,0.0,0.0,0.0,855.0,4.0,17.0,18.0,21.0,0.0,0.0,14.0,0.0,17.0,0.0,0.0,17.0,15.0,9.0,back
1533758299.9901063,-0.88,-2.3,9.59,-4.0,-4.875,1.1875,359.9375,-5.6875,13.8125,0.24,0.0,0.0,0.0,0.0,0.0,0.0,0.0,15.0,0.0,0.0,0.0,0.0,7.0,0.0,0.0,0.0,0.0,19.0,0.0,0.0,back
1533758300.004801,-1.61,-2.33,9.34,3.875,9.3125,-0.875,0.625,-9.3125,12.8125,0.22,0.0,0.0,0.0,0.0,0.0,0.0,0.0,15.0,19.0,24.0,0.0,0.0,13.0,0.0,20.0,0.0,0.0,18.0,0.0,0.0,back
1533758300.016277,-1.95,-1.91,9.94,15.5625,11.0625,3.125,0.75,-11.875,12.0625,0.23,0.0,0.0,0.0,8.0,0.0,856.0,3.0,21.0,26.0,43.0,0.0,0.0,25.0,0.0,53.0,0.0,0.0,43.0,27.0,9.0,back
1533758300.0275893,-2.07,-2.05,9.15,-0.3125,0.5625,-0.125,0.625,-12.5,12.6875,0.23,0.0,0.0,0.0,0.0,0.0,0.0,0.0,17.0,28.0,45.0,0.0,0.0,21.0,0.0,38.0,0.0,0.0,49.0,18.0,17.0,back
1533758300.22287,-2.01,-2.09,9.17,0.125,0.125,0.0625,0.625,-12.4375,12.9375,0.23,0.0,0.0,0.0,6.0,0.0,0.0,0.0,0.0,0.0,0.0,0.0,0.0,0.0,0.0,14.0,0.0,0.0,36.0,0.0,0.0,back
1533758300.8738701,-2.07,-2.13,9.18,-0.125,0.4375,0.125,0.625,-12.5,12.9375,0.23,0.0,0.0,0.0,0.0,5.0,125.0,0.0,7.0,35.0,26.0,0.0,0.0,17.0,0.0,26.0,0.0,0.0,45.0,15.0,13.0,back
1533758301.520899,-2.03,-2.09,9.27,-0.3125,0.0625,0.0,0.625,-12.5,12.9375,0.23,0.0,0.0,0.0,0.0,0.0,105.0,0.0,18.0,33.0,46.0,0.0,0.0,22.0,0.0,40.0,0.0,0.0,48.0,17.0,20.0,back
1533758302.172444,-2.03,-2.1,9.26,-0.1875,-0.0625,-0.0625,0.625,-12.5625,12.9375,0.23,0.0,0.0,0.0,6.0,0.0,102.0,0.0,25.0,31.0,40.0,0.0,0.0,45.0,0.0,40.0,0.0,0.0,54.0,21.0,0.0,back
1533758302.8229382,-2.04,-2.08,9.26,-0.0625,-0.25,0.0,0.625,-12.625,12.9375,0.23,0.0,0.0,0.0,0.0,0.0,116.0,0.0,20.0,56.0,48.0,0.0,0.0,20.0,0.0,37.0,0.0,0.0,49.0,14.0,44.0,back
1533758303.4662995,-2.07,-2.07,9.33,0.0625,-0.375,-0.1875,0.625,-12.625,12.9375,0.23,0.0,0.0,4.0,0.0,0.0,117.0,0.0,17.0,20.0,28.0,0.0,0.0,15.0,0.0,25.0,0.0,0.0,48.0,15.0,15.0,back
1533758304.1182666,-2.06,-2.11,9.22,-0.25,0.1875,-0.125,0.625,-12.625,12.9375,0.23,0.0,0.0,0.0,0.0,0.0,116.0,0.0,18.0,22.0,28.0,0.0,0.0,16.0,0.0,25.0,0.0,0.0,51.0,18.0,18.0,back
1533758304.7686758,-2.07,-2.11,9.22,-0.5,0.0625,-0.1875,0.625,-12.625,12.9375,0.23,0.0,0.0,0.0,0.0,0.0,112.0,0.0,20.0,22.0,31.0,0.0,0.0,17.0,0.0,26.0,0.0,0.0,50.0,19.0,40.0,back
1533758305.4206882,-2.06,-2.1,9.21,-0.125,-0.0625,0.0625,0.625,-12.625,12.9375,0.23,0.0,0.0,0.0,0.0,0.0,115.0,0.0,18.0,22.0,28.0,0.0,0.0,17.0,0.0,27.0,0.0,0.0,51.0,15.0,15.0,back
1533758306.0678394,-2.06,-2.1,9.22,0.3125,0.25,0.0,0.625,-12.625,12.9375,0.22,0.0,0.0,0.0,0.0,0.0,143.0,0.0,19.0,20.0,29.0,0.0,0.0,17.0,0.0,24.0,0.0,0.0,49.0,15.0,13.0,back
1533758306.722205,-2.09,-2.07,9.23,-0.0625,-0.0625,0.0625,0.625,-12.625,12.9375,0.23,0.0,0.0,0.0,0.0,0.0,166.0,0.0,20.0,26.0,31.0,0.0,0.0,17.0,0.0,36.0,0.0,0.0,49.0,16.0,29.0,back
1533758307.373791,-2.08,-2.09,9.18,-0.1875,0.0625,0.0625,0.625,-12.625,12.9375,0.23,0.0,0.0,0.0,0.0,0.0,149.0,0.0,21.0,31.0,42.0,0.0,0.0,21.0,0.0,39.0,0.0,0.0,48.0,23.0,0.0,back
1533758308.0208986,-2.06,-2.05,9.23,0.125,-0.1875,-0.125,0.625,-12.625,12.9375,0.24,0.0,0.0,0.0,0.0,0.0,130.0,0.0,21.0,26.0,31.0,0.0,0.0,20.0,0.0,36.0,0.0,0.0,66.0,22.0,20.0,back
1533758308.6725268,-2.07,-2.09,9.23,0.0625,-0.0625,0.0,0.625,-12.625,12.9375,0.24,0.0,0.0,0.0,0.0,0.0,131.0,0.0,19.0,25.0,30.0,0.0,0.0,16.0,0.0,27.0,0.0,0.0,49.0,15.0,16.0,back
1533758309.3236225,-2.08,-2.08,9.16,-0.25,-0.0625,0.0,0.625,-12.625,12.9375,0.23,0.0,0.0,0.0,0.0,0.0,128.0,0.0,20.0,26.0,36.0,0.0,0.0,19.0,0.0,66.0,0.0,0.0,56.0,22.0,29.0,back
1533758309.9662676,-2.06,-2.07,9.15,0.3125,0.1875,0.1875,0.625,-12.625,12.9375,0.24,0.0,0.0,0.0,0.0,0.0,115.0,0.0,5.0,2.0,0.0,0.0,0.0,0.0,0.0,16.0,0.0,0.0,51.0,14.0,16.0,back
1533758310.6210148,-2.05,-2.09,9.23,-0.3125,-0.125,-0.0625,0.625,-12.625,12.9375,0.24,0.0,0.0,0.0,0.0,0.0,130.0,0.0,20.0,23.0,29.0,0.0,0.0,17.0,0.0,26.0,0.0,0.0,50.0,17.0,15.0,back
1533758311.2733674,-2.09,-2.07,9.2,-0.25,-0.0625,0.0625,0.625,-12.625,12.9375,0.24,0.0,0.0,0.0,0.0,0.0,135.0,0.0,20.0,25.0,30.0,0.0,0.0,19.0,0.0,29.0,0.0,0.0,59.0,22.0,23.0,back
1533758311.9242961,-2.09,-2.08,9.28,-0.0625,0.125,-0.0625,0.625,-12.625,12.9375,0.24,0.0,0.0,0.0,0.0,0.0,139.0,0.0,21.0,40.0,44.0,0.0,0.0,46.0,0.0,49.0,0.0,0.0,48.0,20.0,27.0,back
1533758312.5750394,-2.06,-2.08,9.28,-0.1875,-0.1875,0.0625,0.625,-12.625,12.9375,0.23,0.0,0.0,0.0,0.0,0.0,231.0,0.0,19.0,25.0,33.0,0.0,0.0,17.0,0.0,28.0,0.0,0.0,49.0,16.0,30.0,back
1533758313.223211,-2.08,-2.11,9.22,0.125,-0.25,0.0,0.625,-12.625,12.9375,0.23,0.0,0.0,0.0,0.0,0.0,185.0,0.0,20.0,24.0,30.0,0.0,0.0,17.0,0.0,28.0,0.0,0.0,49.0,15.0,19.0,back
1533758313.8736908,-2.08,-2.09,9.27,0.25,-0.1875,0.0,0.625,-12.625,12.9375,0.23,0.0,0.0,0.0,0.0,0.0,160.0,0.0,20.0,28.0,31.0,0.0,0.0,17.0,0.0,44.0,0.0,0.0,55.0,33.0,24.0,back
1533758314.5245898,-2.08,-2.11,9.27,0.0625,0.0625,0.0625,0.625,-12.625,12.9375,0.23,0.0,16.0,0.0,0.0,0.0,151.0,0.0,18.0,24.0,31.0,0.0,0.0,17.0,0.0,27.0,0.0,0.0,48.0,17.0,17.0,back
1533758315.1764839,-2.07,-2.08,9.27,-0.125,-0.0625,-0.1875,0.625,-12.625,12.9375,0.24,0.0,0.0,0.0,0.0,0.0,144.0,0.0,19.0,26.0,32.0,0.0,0.0,18.0,0.0,27.0,0.0,0.0,48.0,20.0,22.0,back
1533758315.8276768,-2.09,-2.08,9.27,-0.25,-0.125,0.0,0.625,-12.625,12.9375,0.23,0.0,0.0,0.0,0.0,0.0,144.0,5.0,20.0,32.0,39.0,0.0,0.0,5.0,0.0,28.0,0.0,0.0,49.0,18.0,17.0,back
1533758316.483301,-2.09,-2.08,9.28,0.3125,0.0,0.0625,0.625,-12.625,12.9375,0.24,0.0,0.0,0.0,0.0,0.0,117.0,0.0,20.0,25.0,32.0,0.0,0.0,17.0,0.0,27.0,0.0,0.0,49.0,11.0,0.0,back
1533758317.1305158,-2.06,-2.09,9.27,-0.0625,-0.0625,0.0,0.625,-12.625,12.9375,0.24,0.0,0.0,0.0,0.0,0.0,108.0,0.0,19.0,24.0,32.0,0.0,0.0,17.0,0.0,29.0,0.0,0.0,49.0,14.0,7.0,back
1533758317.7813387,-2.09,-2.1,9.29,-0.25,-0.25,-0.0625,0.625,-12.625,12.9375,0.25,0.0,0.0,0.0,0.0,9.0,95.0,0.0,0.0,0.0,20.0,0.0,0.0,10.0,0.0,13.0,0.0,0.0,45.0,10.0,14.0,back
1533758318.4318154,-2.07,-2.11,9.18,0.125,-0.0625,0.0,0.625,-12.625,12.9375,0.24,0.0,0.0,0.0,0.0,0.0,54.0,0.0,21.0,27.0,30.0,0.0,0.0,0.0,0.0,21.0,0.0,0.0,38.0,13.0,0.0,back
1533758319.0841289,-2.1,-2.05,9.23,0.1875,-0.125,0.0,0.625,-12.625,12.875,0.24,0.0,0.0,0.0,0.0,0.0,47.0,0.0,20.0,25.0,31.0,0.0,0.0,17.0,0.0,28.0,0.0,0.0,45.0,16.0,15.0,back
1533758319.7312455,-2.07,-2.06,9.21,-0.0625,0.125,0.0625,0.625,-12.625,12.875,0.24,0.0,0.0,0.0,0.0,0.0,49.0,0.0,21.0,25.0,32.0,0.0,0.0,18.0,0.0,28.0,0.0,0.0,45.0,16.0,16.0,back
1533758320.3820775,-2.11,-2.05,9.24,0.0625,-0.125,-0.125,0.625,-12.625,12.875,0.23,0.0,0.0,0.0,0.0,0.0,141.0,0.0,21.0,27.0,31.0,0.0,0.0,0.0,0.0,0.0,0.0,0.0,50.0,0.0,0.0,back
1533758321.0330427,-2.09,-2.05,9.21,0.1875,0.1875,0.0625,0.625,-12.625,12.875,0.23,0.0,0.0,0.0,0.0,0.0,129.0,0.0,20.0,28.0,32.0,0.0,0.0,16.0,0.0,26.0,0.0,0.0,46.0,0.0,0.0,back
1533758321.6891468,-2.1,-2.08,9.16,-0.1875,-0.0625,-0.25,0.625,-12.625,12.875,0.24,0.0,0.0,0.0,0.0,0.0,149.0,0.0,20.0,20.0,28.0,0.0,0.0,0.0,0.0,27.0,0.0,0.0,48.0,17.0,18.0,back
1533758322.3322778,-2.09,-2.07,9.21,0.1875,-0.125,0.0625,0.625,-12.625,12.875,0.23,0.0,0.0,0.0,0.0,0.0,144.0,0.0,20.0,26.0,34.0,0.0,0.0,9.0,0.0,0.0,0.0,0.0,49.0,11.0,0.0,back
1533758322.9868069,-2.11,-2.07,9.22,0.1875,-0.125,-0.125,0.625,-12.625,12.875,0.23,0.0,0.0,0.0,0.0,0.0,126.0,0.0,19.0,25.0,33.0,0.0,0.0,17.0,0.0,30.0,0.0,0.0,49.0,17.0,15.0,back
1533758323.6339993,-2.11,-2.06,9.15,0.0,-0.125,0.0,0.625,-12.625,12.875,0.24,0.0,0.0,0.0,0.0,0.0,147.0,0.0,21.0,27.0,32.0,0.0,0.0,17.0,0.0,28.0,0.0,0.0,52.0,17.0,15.0,back
1533758324.2849061,-2.08,-2.07,9.18,0.0625,-0.0625,0.0625,0.625,-12.625,12.875,0.23,0.0,0.0,0.0,0.0,0.0,162.0,0.0,22.0,29.0,32.0,0.0,0.0,18.0,0.0,28.0,0.0,0.0,50.0,16.0,1.0,back
1533758324.9280806,-2.1,-2.08,9.27,0.3125,-0.1875,0.0625,0.625,-12.625,12.875,0.24,0.0,0.0,0.0,0.0,0.0,165.0,0.0,22.0,32.0,46.0,0.0,0.0,21.0,0.0,45.0,0.0,0.0,55.0,19.0,22.0,back
1533758325.5800862,-2.11,-2.08,9.29,0.125,0.0625,-0.1875,0.625,-12.625,12.875,0.24,0.0,0.0,0.0,5.0,0.0,162.0,0.0,22.0,30.0,27.0,0.0,0.0,21.0,0.0,40.0,0.0,0.0,50.0,17.0,14.0,back
1533758326.2304814,-2.09,-2.05,9.29,0.3125,-0.0625,-0.0625,0.625,-12.625,12.875,0.23,0.0,0.0,0.0,10.0,24.0,171.0,0.0,26.0,33.0,43.0,0.0,0.0,21.0,0.0,32.0,0.0,0.0,52.0,7.0,3.0,back
1533758326.8786745,-2.1,-2.06,9.25,-0.125,0.125,-0.125,0.625,-12.625,12.875,0.24,0.0,0.0,0.0,0.0,0.0,175.0,0.0,20.0,28.0,34.0,0.0,0.0,20.0,0.0,61.0,0.0,0.0,58.0,21.0,20.0,back
1533758327.5289285,-2.1,-2.04,9.3,-0.0625,0.0,0.0,0.625,-12.625,12.875,0.24,0.0,0.0,0.0,0.0,0.0,175.0,0.0,21.0,28.0,33.0,0.0,0.0,17.0,0.0,29.0,0.0,0.0,50.0,29.0,29.0,back
1533758328.176101,-2.1,-2.08,9.27,-0.1875,-0.0625,0.125,0.625,-12.625,12.875,0.24,0.0,0.0,0.0,0.0,0.0,182.0,0.0,20.0,28.0,32.0,0.0,0.0,16.0,0.0,28.0,0.0,0.0,50.0,17.0,18.0,back
1533758328.8317995,-2.09,-2.09,9.22,-0.125,0.0,0.0625,0.625,-12.625,12.875,0.24,0.0,0.0,0.0,11.0,12.0,192.0,0.0,21.0,27.0,33.0,0.0,0.0,19.0,0.0,28.0,0.0,0.0,52.0,16.0,17.0,back
1533758329.4793897,-2.09,-2.09,9.26,0.3125,-0.25,0.125,0.625,-12.625,12.875,0.24,0.0,0.0,0.0,0.0,0.0,74.0,0.0,21.0,42.0,47.0,0.0,0.0,23.0,0.0,46.0,0.0,0.0,56.0,21.0,26.0,back
1533758330.1300874,-2.09,-2.06,9.22,-0.0625,-0.3125,-0.125,0.625,-12.625,12.75,0.24,0.0,0.0,0.0,0.0,0.0,73.0,0.0,21.0,28.0,34.0,0.0,0.0,36.0,0.0,38.0,0.0,0.0,52.0,20.0,21.0,back
1533758336.9583018,-2.1,-2.06,9.22,0.25,-0.0625,-0.125,0.625,-12.625,12.75,0.24,0.0,0.0,0.0,0.0,0.0,69.0,0.0,19.0,28.0,34.0,0.0,0.0,17.0,0.0,28.0,0.0,0.0,48.0,19.0,17.0,left
1533758336.9867244,-2.1,-2.08,9.16,0.0625,-0.1875,-0.0625,0.625,-12.625,12.75,0.24,0.0,0.0,0.0,0.0,0.0,78.0,0.0,21.0,28.0,35.0,0.0,0.0,18.0,0.0,30.0,0.0,0.0,57.0,18.0,17.0,left
1533758337.01476,-2.12,-2.05,9.18,0.25,0.0,0.0625,0.625,-12.625,12.75,0.24,0.0,0.0,0.0,0.0,12.0,77.0,0.0,22.0,28.0,32.0,0.0,0.0,17.0,0.0,30.0,0.0,0.0,55.0,17.0,16.0,left
1533758337.042808,-2.17,-2.13,8.85,-8.4375,1.0625,-2.0,0.75,-12.25,13.5625,0.22,0.0,0.0,0.0,0.0,0.0,0.0,0.0,21.0,31.0,34.0,0.0,0.0,16.0,0.0,28.0,0.0,0.0,51.0,16.0,17.0,left
1533758337.0563726,-1.41,-3.15,9.5,-1.375,-9.6875,-2.9375,0.4375,-6.875,19.75,0.22,0.0,0.0,0.0,0.0,0.0,855.0,0.0,0.0,0.0,0.0,0.0,0.0,0.0,0.0,0.0,0.0,0.0,8.0,5.0,0.0,left
1533758337.0677073,-0.56,-2.84,9.06,-8.0625,8.75,1.5,359.625,-2.5,17.0625,0.21,0.0,0.0,0.0,0.0,0.0,0.0,0.0,0.0,0.0,21.0,0.0,0.0,0.0,0.0,13.0,0.0,0.0,11.0,0.0,9.0,left
1533758337.0793145,0.08,-2.97,9.59,5.9375,-12.5625,-0.1875,359.0625,1.3125,16.3125,0.21,0.0,0.0,0.0,0.0,48.0,0.0,0.0,8.0,21.0,53.0,0.0,0.0,5.0,0.0,24.0,0.0,0.0,11.0,14.0,11.0,left
1533758337.091311,-0.02,-2.76,9.09,-3.5625,-4.0,-0.125,359.5625,-0.125,16.125,0.19,0.0,0.0,0.0,0.0,13.0,0.0,0.0,0.0,14.0,48.0,0.0,0.0,0.0,0.0,37.0,0.0,0.0,10.0,13.0,24.0,left
1533758337.1048462,0.08,-2.64,8.98,2.875,4.625,-0.6875,359.4375,0.5,15.9375,0.19,0.0,0.0,0.0,0.0,0.0,0.0,0.0,0.0,0.0,0.0,0.0,0.0,0.0,0.0,25.0,0.0,0.0,9.0,0.0,0.0,left
1533758337.1166277,0.08,-2.68,9.24,1.125,-3.375,0.5625,359.4375,0.4375,16.1875,0.19,0.0,0.0,0.0,9.0,22.0,0.0,0.0,0.0,12.0,71.0,0.0,0.0,0.0,0.0,14.0,0.0,0.0,11.0,0.0,14.0,left
1533758337.2439895,0.05,-2.61,9.18,-0.5625,0.0,-0.1875,359.3125,0.4375,15.875,0.18,0.0,0.0,0.0,3.0,33.0,0.0,0.0,0.0,15.0,35.0,0.0,0.0,0.0,0.0,24.0,0.0,0.0,11.0,0.0,10.0,left
1533758337.8831232,0.34,-2.32,9.24,-1.5625,9.3125,0.0,0.625,0.9375,14.125,0.14,0.0,0.0,0.0,0.0,0.0,0.0,0.0,0.0,20.0,50.0,0.0,0.0,0.0,0.0,8.0,0.0,0.0,11.0,0.0,10.0,left
1533758338.5257287,0.91,-3.51,9.5,6.4375,-15.375,0.5,359.125,3.0625,20.875,0.21,0.0,0.0,0.0,13.0,0.0,0.0,0.0,0.0,11.0,24.0,0.0,0.0,0.0,0.0,23.0,0.0,0.0,6.0,14.0,12.0,left
1533758339.1695735,-0.32,-2.85,8.81,15.3125,6.75,2.625,359.5,1.0625,18.25,0.2,0.0,0.0,0.0,0.0,0.0,0.0,0.0,0.0,0.0,0.0,0.0,0.0,0.0,0.0,0.0,0.0,0.0,11.0,0.0,0.0,left
1533758339.8160093,0.19,-3.06,9.33,-1.0,7.0,-1.0625,359.125,1.4375,18.25,0.21,0.0,0.0,0.0,0.0,61.0,8.0,0.0,0.0,24.0,53.0,0.0,0.0,0.0,0.0,27.0,0.0,0.0,12.0,12.0,36.0,left
1533758340.454839,0.15,-3.09,8.93,-1.4375,1.6875,-0.1875,359.4375,0.8125,18.75,0.22,0.0,0.0,0.0,0.0,12.0,0.0,0.0,0.0,0.0,5.0,0.0,0.0,0.0,0.0,4.0,0.0,0.0,9.0,0.0,10.0,left
1533758341.1024275,0.02,-3.09,9.09,0.125,0.125,-0.0625,359.5,0.5,19.0625,0.22,0.0,0.0,0.0,0.0,35.0,0.0,0.0,0.0,18.0,42.0,0.0,0.0,0.0,0.0,0.0,0.0,0.0,11.0,0.0,12.0,left
1533758341.7414722,0.02,-3.12,9.1,-0.125,-0.1875,0.125,359.5,0.5,19.0625,0.22,0.0,0.0,0.0,0.0,19.0,0.0,0.0,0.0,0.0,4.0,0.0,0.0,0.0,0.0,23.0,0.0,0.0,10.0,0.0,11.0,left
1533758342.3888535,0.02,-3.11,9.08,-0.125,-0.0625,0.1875,359.5,0.5,19.0625,0.22,0.0,0.0,0.0,0.0,0.0,0.0,0.0,0.0,15.0,32.0,0.0,0.0,0.0,0.0,25.0,0.0,0.0,10.0,0.0,12.0,left
1533758343.0313492,0.04,-3.13,8.99,-0.1875,0.0,0.125,359.5,0.5,19.0625,0.23,0.0,0.0,0.0,0.0,11.0,0.0,0.0,0.0,13.0,35.0,0.0,0.0,0.0,0.0,25.0,0.0,0.0,10.0,0.0,16.0,left
1533758343.6702309,0.01,-3.08,9.0,0.4375,0.0,0.0,359.5,0.5,19.0625,0.23,0.0,0.0,0.0,0.0,16.0,0.0,0.0,0.0,0.0,35.0,0.0,0.0,0.0,0.0,24.0,0.0,0.0,11.0,0.0,13.0,left
1533758344.3138237,0.02,-3.09,9.1,0.25,0.125,-0.0625,359.5,0.5,19.0625,0.22,0.0,0.0,0.0,0.0,14.0,0.0,0.0,0.0,14.0,36.0,0.0,0.0,0.0,0.0,27.0,0.0,0.0,9.0,0.0,22.0,left
1533758344.95656,0.04,-3.1,9.08,-0.125,0.0,0.0625,359.5,0.5,19.0625,0.23,0.0,0.0,0.0,0.0,16.0,0.0,0.0,0.0,14.0,34.0,0.0,0.0,0.0,0.0,25.0,0.0,0.0,11.0,0.0,13.0,left
1533758345.599967,0.05,-3.1,9.05,0.0625,0.0,-0.0625,359.5,0.5,19.0625,0.23,0.0,0.0,0.0,0.0,17.0,0.0,0.0,0.0,0.0,45.0,0.0,0.0,0.0,0.0,60.0,0.0,0.0,17.0,0.0,23.0,left
1533758346.242263,0.02,-3.09,9.0,-0.1875,0.0,0.0625,359.5,0.5,19.0625,0.22,0.0,0.0,0.0,0.0,0.0,0.0,0.0,0.0,0.0,0.0,0.0,0.0,0.0,0.0,16.0,0.0,0.0,8.0,12.0,0.0,left
1533758346.886296,0.02,-3.03,8.97,0.0625,0.125,0.0625,359.5,0.5,19.0625,0.22,0.0,0.0,0.0,0.0,22.0,0.0,0.0,0.0,0.0,83.0,0.0,0.0,0.0,0.0,14.0,0.0,0.0,11.0,0.0,14.0,left
1533758347.5322526,0.02,-3.07,9.08,-0.4375,-0.0625,0.0,359.5,0.5,19.0625,0.23,0.0,0.0,0.0,0.0,20.0,0.0,0.0,0.0,0.0,32.0,0.0,0.0,0.0,0.0,26.0,0.0,0.0,10.0,0.0,13.0,left
1533758348.1715398,0.04,-3.1,9.08,0.125,0.0625,-0.25,359.5,0.5,19.0625,0.23,0.0,0.0,0.0,0.0,16.0,0.0,0.0,0.0,14.0,30.0,0.0,0.0,0.0,0.0,25.0,0.0,0.0,9.0,0.0,0.0,left
1533758348.8188038,0.07,-3.07,9.02,0.0625,-0.125,0.0625,359.5,0.5,19.0625,0.23,0.0,0.0,0.0,0.0,14.0,0.0,0.0,0.0,0.0,32.0,0.0,0.0,0.0,0.0,24.0,0.0,0.0,11.0,10.0,23.0,left
1533758349.4575899,0.02,-3.1,8.99,0.25,-0.1875,-0.0625,359.5,0.5,19.0625,0.22,0.0,0.0,0.0,0.0,0.0,0.0,0.0,0.0,12.0,0.0,0.0,0.0,0.0,0.0,25.0,0.0,0.0,9.0,0.0,0.0,left
1533758350.1050794,0.05,-3.1,9.11,-0.125,0.0625,-0.0625,359.5,0.5,19.0625,0.23,0.0,0.0,0.0,0.0,28.0,0.0,0.0,0.0,19.0,56.0,0.0,0.0,6.0,0.0,35.0,0.0,0.0,13.0,0.0,20.0,left
1533758350.743828,0.05,-3.1,9.11,-0.1875,0.0,0.0,359.5,0.5,19.0625,0.23,0.0,0.0,0.0,0.0,0.0,0.0,0.0,0.0,0.0,0.0,0.0,0.0,1.0,0.0,3.0,0.0,0.0,10.0,0.0,11.0,left
1533758351.390485,0.06,-3.09,9.07,-0.0625,0.125,0.0,359.5,0.5,19.0625,0.23,0.0,2.0,0.0,0.0,0.0,0.0,0.0,0.0,13.0,35.0,0.0,0.0,0.0,0.0,24.0,0.0,0.0,9.0,0.0,13.0,left
1533758352.0344179,0.07,-3.08,9.06,-0.125,-0.0625,-0.1875,359.5,0.5,19.0625,0.22,0.0,0.0,0.0,0.0,17.0,0.0,0.0,0.0,0.0,34.0,0.0,0.0,0.0,0.0,27.0,0.0,0.0,8.0,23.0,27.0,left
1533758352.6770592,0.02,-3.06,8.98,0.25,0.1875,0.0,359.5,0.4375,19.0625,0.23,0.0,0.0,0.0,0.0,30.0,16.0,0.0,0.0,14.0,32.0,0.0,0.0,0.0,0.0,25.0,0.0,0.0,9.0,0.0,12.0,left
1533758353.3157809,0.06,-3.0,9.12,0.25,-0.3125,0.0,359.5,0.5,19.0,0.23,0.0,1.0,0.0,0.0,0.0,18.0,0.0,0.0,0.0,30.0,0.0,0.0,0.0,0.0,25.0,0.0,0.0,10.0,0.0,14.0,left
1533758353.959401,0.07,-3.04,9.1,-0.0625,-0.1875,0.125,359.5,0.5,19.0,0.23,0.0,0.0,0.0,0.0,0.0,27.0,0.0,0.0,0.0,0.0,0.0,0.0,0.0,0.0,0.0,0.0,0.0,10.0,0.0,0.0,left
1533758354.606156,0.05,-3.06,9.1,0.1875,0.25,0.0625,359.5,0.5,19.0,0.23,0.0,0.0,0.0,0.0,33.0,194.0,0.0,0.0,33.0,58.0,0.0,0.0,0.0,0.0,25.0,0.0,0.0,9.0,3.0,41.0,left
1533758355.2488775,0.08,-3.07,9.05,-0.4375,0.375,-0.1875,359.5,0.5,19.0,0.23,0.0,0.0,0.0,0.0,0.0,200.0,0.0,0.0,0.0,25.0,0.0,0.0,0.0,0.0,34.0,0.0,0.0,9.0,0.0,13.0,left
1533758355.8928835,0.06,-3.09,9.05,0.0,-0.1875,0.0,359.5,0.5,19.0,0.23,0.0,0.0,0.0,0.0,30.0,244.0,0.0,0.0,11.0,52.0,0.0,0.0,0.0,0.0,24.0,0.0,0.0,9.0,0.0,14.0,left
1533758356.5392094,0.05,-3.05,9.03,-0.125,0.125,-0.0625,359.5,0.5,19.0,0.23,0.0,0.0,0.0,0.0,19.0,230.0,0.0,0.0,15.0,34.0,0.0,0.0,0.0,0.0,25.0,0.0,0.0,10.0,0.0,15.0,left
1533758357.1784658,0.05,-3.02,9.05,-0.0625,-0.0625,-0.0625,359.5,0.5,19.0,0.23,0.0,0.0,0.0,0.0,11.0,207.0,0.0,0.0,0.0,10.0,0.0,0.0,0.0,0.0,14.0,0.0,0.0,8.0,7.0,0.0,left
1533758357.8209543,0.08,-3.03,9.11,0.125,0.0625,0.125,359.5,0.5,19.0,0.23,0.0,0.0,0.0,0.0,17.0,196.0,0.0,0.0,13.0,35.0,0.0,0.0,0.0,0.0,25.0,0.0,0.0,8.0,10.0,25.0,left
1533758358.4637034,0.07,-3.06,9.09,0.1875,0.0,-0.0625,359.5,0.5,19.0,0.23,0.0,0.0,0.0,0.0,20.0,420.0,2.0,0.0,0.0,0.0,0.0,0.0,0.0,0.0,17.0,0.0,0.0,7.0,0.0,0.0,left
1533758359.1079998,0.05,-3.04,9.08,0.125,0.125,0.0,359.5,0.5,19.0,0.23,0.0,0.0,0.0,0.0,24.0,228.0,0.0,0.0,13.0,54.0,0.0,0.0,6.0,0.0,34.0,0.0,0.0,8.0,10.0,24.0,left
1533758359.7504213,0.07,-3.06,8.98,-0.125,0.0,0.0625,359.5,0.5,19.0,0.23,0.0,0.0,0.0,0.0,0.0,200.0,0.0,0.0,0.0,0.0,0.0,0.0,0.0,0.0,25.0,0.0,0.0,8.0,3.0,13.0,left
1533758360.3972938,0.06,-3.06,9.05,0.0,0.125,-0.0625,359.5,0.5,19.0,0.23,0.0,0.0,0.0,7.0,16.0,208.0,0.0,0.0,14.0,32.0,0.0,0.0,0.0,0.0,25.0,0.0,0.0,9.0,0.0,15.0,left
1533758361.0362234,0.06,-3.07,9.09,0.25,0.0,0.1875,359.5,0.5,19.0,0.22,0.0,17.0,0.0,0.0,6.0,250.0,0.0,0.0,0.0,31.0,0.0,0.0,0.0,0.0,28.0,0.0,0.0,13.0,0.0,13.0,left
1533758361.680219,0.04,-3.07,9.04,0.0625,-0.0625,-0.0625,359.5,0.5,19.0,0.23,0.0,0.0,0.0,0.0,20.0,194.0,0.0,0.0,0.0,34.0,0.0,0.0,0.0,0.0,21.0,0.0,0.0,8.0,8.0,0.0,left
1533758362.3266115,0.06,-3.07,8.99,-0.125,0.25,-0.1875,359.5,0.5,19.0,0.23,0.0,0.0,0.0,0.0,21.0,134.0,0.0,0.0,13.0,35.0,0.0,0.0,0.0,0.0,26.0,0.0,0.0,12.0,0.0,24.0,left
1533758362.9655144,0.09,-3.04,9.04,0.0625,0.3125,0.0,359.5,0.5,19.0,0.22,0.0,0.0,0.0,0.0,10.0,207.0,0.0,0.0,0.0,0.0,0.0,0.0,0.0,0.0,0.0,0.0,0.0,10.0,0.0,0.0,left
1533758363.6132636,0.08,-3.03,9.1,0.0,-0.25,0.0,359.5,0.5,19.0,0.24,0.0,0.0,0.0,0.0,65.0,262.0,0.0,0.0,14.0,48.0,0.0,0.0,0.0,0.0,0.0,0.0,0.0,14.0,12.0,22.0,left
1533758364.251004,0.07,-3.03,9.14,-0.125,0.25,0.0,359.5,0.5,19.0,0.23,0.0,0.0,0.0,0.0,0.0,217.0,0.0,0.0,9.0,0.0,0.0,0.0,0.0,0.0,0.0,0.0,0.0,9.0,0.0,14.0,left
1533758364.8951983,0.11,-3.09,9.01,0.3125,-0.3125,0.25,359.5,0.5,19.0,0.23,0.0,0.0,0.0,0.0,5.0,276.0,0.0,0.0,13.0,34.0,0.0,0.0,0.0,0.0,23.0,0.0,0.0,9.0,0.0,14.0,left
1533758365.5416014,0.08,-3.02,9.08,0.125,0.125,-0.0625,359.5,0.5,19.0,0.24,0.0,0.0,0.0,0.0,21.0,272.0,0.0,0.0,0.0,34.0,0.0,0.0,0.0,0.0,22.0,0.0,0.0,11.0,0.0,25.0,left
1533758366.1808083,0.07,-3.03,8.99,-0.125,-0.125,0.125,359.5,0.5,19.0,0.24,0.0,0.0,0.0,0.0,20.0,261.0,0.0,0.0,0.0,2.0,0.0,0.0,0.0,0.0,17.0,0.0,0.0,9.0,0.0,0.0,left
1533758366.8276172,0.07,-3.02,9.12,0.1875,-0.4375,0.0625,359.5,0.5,19.0,0.24,0.0,0.0,0.0,0.0,23.0,256.0,0.0,0.0,13.0,58.0,0.0,0.0,0.0,0.0,32.0,0.0,0.0,10.0,12.0,29.0,left
1533758373.7251878,0.08,-3.01,9.12,-0.1875,0.25,0.0625,359.5,0.5,19.0,0.24,0.0,0.0,0.0,0.0,0.0,253.0,0.0,0.0,0.0,18.0,0.0,0.0,0.0,0.0,45.0,0.0,0.0,9.0,0.0,0.0,stomach
1533758373.7542405,0.08,-3.03,9.03,0.0,-0.0625,-0.25,359.5,0.5,19.0,0.24,0.0,0.0,0.0,0.0,25.0,234.0,0.0,0.0,10.0,38.0,0.0,0.0,0.0,0.0,24.0,0.0,0.0,9.0,0.0,16.0,stomach
1533758373.7811658,0.11,-3.03,9.07,0.25,0.25,0.0625,359.5,0.5,19.0,0.24,0.0,0.0,0.0,0.0,0.0,252.0,0.0,0.0,0.0,14.0,0.0,0.0,0.0,0.0,21.0,0.0,0.0,9.0,11.0,16.0,stomach
1533758373.8091922,-0.06,-3.25,8.18,23.5625,18.8125,4.6875,359.75,-5.6875,19.5,0.28,0.0,0.0,0.0,0.0,0.0,0.0,0.0,0.0,0.0,15.0,0.0,0.0,0.0,0.0,0.0,0.0,0.0,0.0,0.0,0.0,stomach
1533758373.8286145,-1.42,-1.47,9.37,-3.4375,0.6875,0.25,359.375,-6.625,12.375,0.18,0.0,0.0,0.0,0.0,0.0,0.0,0.0,0.0,14.0,18.0,0.0,0.0,0.0,0.0,22.0,0.0,0.0,13.0,14.0,35.0,stomach
1533758373.8399835,-1.8,-2.39,9.1,-3.125,-4.375,0.3125,0.125,-8.25,15.0,0.26,0.0,0.0,0.0,0.0,0.0,0.0,0.0,0.0,0.0,10.0,0.0,0.0,0.0,0.0,4.0,0.0,0.0,0.0,0.0,0.0,stomach
1533758373.852072,-0.28,-3.48,9.49,13.125,-12.5625,2.625,358.9375,-4.0,16.5,0.37,0.0,0.0,0.0,0.0,0.0,0.0,0.0,0.0,0.0,0.0,0.0,0.0,0.0,0.0,0.0,0.0,0.0,0.0,0.0,37.0,stomach
1533758373.8637483,-0.51,-1.83,8.25,-13.375,6.75,-1.9375,359.9375,-2.1875,12.0,0.49,0.0,0.0,0.0,0.0,0.0,654.0,2.0,0.0,0.0,10.0,0.0,0.0,0.0,0.0,12.0,0.0,0.0,17.0,0.0,0.0,stomach
1533758373.874942,-1.27,-4.11,7.87,9.5,-15.6875,-1.8125,0.6875,-7.0625,21.625,0.39,0.0,0.0,0.0,0.0,0.0,0.0,0.0,0.0,0.0,0.0,0.0,0.0,0.0,0.0,0.0,0.0,0.0,8.0,0.0,0.0,stomach
1533758373.8863862,-1.53,-3.57,9.78,-15.5625,1.8125,1.5,1.3125,-9.0625,19.75,0.42,0.0,0.0,0.0,0.0,0.0,0.0,0.0,0.0,0.0,15.0,0.0,0.0,0.0,0.0,0.0,72.0,0.0,0.0,15.0,0.0,stomach
1533758373.9341052,-1.27,-2.59,9.13,-2.8125,-1.6875,-1.25,1.8125,-7.375,16.6875,0.36,0.0,0.0,0.0,11.0,16.0,0.0,0.0,0.0,21.0,39.0,0.0,0.0,19.0,0.0,26.0,95.0,0.0,16.0,28.0,1.0,stomach
1533758374.5851033,-1.36,-2.95,9.29,7.1875,-5.0,0.25,1.8125,-8.0,17.1875,0.37,0.0,0.0,0.0,0.0,31.0,0.0,0.0,12.0,28.0,42.0,0.0,0.0,20.0,0.0,30.0,87.0,0.0,18.0,30.0,30.0,stomach
1533758375.232211,-1.19,-2.72,9.15,0.125,-0.5625,0.0625,1.6875,-7.3125,16.4375,0.39,0.0,3.0,0.0,13.0,28.0,0.0,0.0,13.0,33.0,54.0,0.0,0.0,39.0,0.0,43.0,89.0,0.0,32.0,45.0,46.0,stomach
1533758375.8839738,-1.25,-2.68,9.2,-2.5,1.625,0.1875,1.6875,-7.4375,16.5625,0.36,0.0,0.0,0.0,12.0,31.0,0.0,0.0,9.0,31.0,55.0,0.0,0.0,21.0,0.0,38.0,39.0,0.0,21.0,43.0,33.0,stomach
1533758376.526907,-0.78,-2.87,9.23,-1.0625,0.875,0.1875,1.6875,-5.1875,18.0,0.35,0.0,0.0,0.0,0.0,12.0,0.0,0.0,0.0,21.0,31.0,0.0,0.0,0.0,0.0,25.0,0.0,0.0,19.0,48.0,28.0,stomach
1533758377.169996,-0.84,-2.98,8.98,0.9375,-2.4375,-1.0,1.75,-5.1875,18.625,0.34,0.0,0.0,0.0,0.0,0.0,857.0,6.0,0.0,0.0,0.0,0.0,0.0,0.0,0.0,15.0,46.0,0.0,0.0,1.0,6.0,stomach
1533758377.8208861,-0.84,-3.17,9.12,6.0,3.4375,0.75,1.5,-4.0,17.9375,0.38,0.0,0.0,0.0,0.0,14.0,856.0,3.0,0.0,23.0,29.0,0.0,0.0,13.0,0.0,27.0,52.0,0.0,15.0,26.0,36.0,stomach
1533758378.467491,-0.75,-2.8,9.18,1.5,-0.3125,0.125,1.4375,-4.1875,17.25,0.39,0.0,0.0,0.0,0.0,50.0,0.0,0.0,1.0,30.0,57.0,0.0,0.0,0.0,0.0,30.0,69.0,0.0,18.0,33.0,32.0,stomach
1533758379.1107407,-0.67,-2.87,9.18,-0.3125,0.3125,0.125,1.4375,-4.0625,17.25,0.38,0.0,0.0,0.0,3.0,8.0,331.0,6.0,0.0,22.0,32.0,0.0,0.0,14.0,0.0,29.0,23.0,0.0,17.0,28.0,36.0,stomach
1533758379.7499192,-0.65,-2.83,9.16,-0.125,0.125,0.0625,1.4375,-4.125,17.25,0.37,0.0,0.0,0.0,0.0,16.0,0.0,0.0,0.0,23.0,34.0,0.0,0.0,12.0,0.0,10.0,19.0,0.0,0.0,26.0,0.0,stomach
1533758380.3979127,-0.68,-2.8,9.23,-0.0625,0.0625,-0.0625,1.4375,-4.125,17.1875,0.38,0.0,0.0,0.0,0.0,16.0,0.0,0.0,28.0,49.0,42.0,0.0,0.0,0.0,0.0,40.0,22.0,27.0,27.0,40.0,20.0,stomach
1533758381.0484028,-0.72,-2.81,9.19,-0.375,0.125,0.0625,1.4375,-4.125,17.1875,0.38,0.0,0.0,0.0,0.0,14.0,0.0,0.0,0.0,38.0,46.0,0.0,0.0,17.0,0.0,43.0,33.0,0.0,16.0,35.0,52.0,stomach
1533758381.7002542,-0.68,-2.84,9.24,0.0,0.0625,-0.0625,1.4375,-4.125,17.1875,0.38,0.0,0.0,0.0,0.0,15.0,41.0,0.0,11.0,25.0,35.0,0.0,0.0,14.0,0.0,31.0,56.0,0.0,22.0,34.0,82.0,stomach
1533758382.3468623,-0.69,-2.83,9.21,0.1875,-0.125,0.125,1.4375,-4.125,17.1875,0.37,0.0,0.0,0.0,0.0,40.0,0.0,0.0,12.0,22.0,35.0,0.0,0.0,13.0,0.0,32.0,75.0,0.0,18.0,29.0,36.0,stomach
1533758382.9860923,-0.66,-2.82,9.23,-0.125,-0.125,0.125,1.4375,-4.0,17.1875,0.39,0.0,0.0,0.0,0.0,0.0,0.0,0.0,0.0,0.0,22.0,0.0,0.0,0.0,0.0,0.0,19.0,0.0,0.0,14.0,33.0,stomach
1533758383.637286,-0.69,-2.83,9.14,0.0,-0.0625,0.125,1.4375,-3.9375,17.375,0.39,0.0,0.0,0.0,0.0,13.0,0.0,0.0,12.0,16.0,24.0,0.0,0.0,0.0,0.0,8.0,63.0,0.0,1.0,32.0,34.0,stomach
1533758384.284355,-0.68,-2.84,9.08,0.25,0.1875,0.1875,1.4375,-3.9375,17.375,0.36,0.0,0.0,0.0,0.0,18.0,0.0,0.0,11.0,26.0,55.0,0.0,0.0,0.0,0.0,24.0,68.0,0.0,0.0,33.0,39.0,stomach
1533758384.9313436,-0.66,-2.86,9.09,-0.0625,0.125,-0.125,1.4375,-3.9375,17.375,0.36,0.0,0.0,0.0,0.0,14.0,0.0,0.0,0.0,24.0,37.0,0.0,0.0,14.0,0.0,33.0,67.0,0.0,18.0,34.0,44.0,stomach
1533758385.578684,-0.68,-2.86,9.22,-0.1875,-0.25,-0.125,1.4375,-3.9375,17.375,0.39,0.0,13.0,0.0,0.0,0.0,0.0,0.0,12.0,26.0,37.0,0.0,0.0,14.0,0.0,33.0,52.0,0.0,19.0,33.0,40.0,stomach
1533758386.2250888,-0.68,-2.85,9.29,0.3125,0.3125,0.0,1.4375,-3.9375,17.375,0.39,0.0,0.0,0.0,0.0,17.0,0.0,0.0,11.0,17.0,22.0,0.0,0.0,0.0,0.0,8.0,62.0,0.0,24.0,36.0,24.0,stomach
1533758386.8685286,-0.71,-2.87,9.13,-0.0625,-0.25,0.0625,1.4375,-3.9375,17.375,0.38,0.0,0.0,0.0,0.0,0.0,0.0,0.0,0.0,49.0,40.0,0.0,0.0,14.0,0.0,34.0,49.0,0.0,18.0,34.0,35.0,stomach
1533758387.5153685,-0.66,-2.85,9.18,-0.3125,-0.3125,-0.0625,1.4375,-3.9375,17.375,0.38,0.0,0.0,0.0,11.0,17.0,0.0,0.0,13.0,27.0,38.0,0.0,0.0,13.0,0.0,57.0,65.0,3.0,47.0,72.0,38.0,stomach
1533758388.1668265,-0.67,-2.85,9.19,0.1875,0.0,-0.1875,1.4375,-3.9375,17.375,0.37,0.0,0.0,0.0,0.0,17.0,0.0,0.0,13.0,27.0,38.0,0.0,0.0,15.0,0.0,34.0,78.0,0.0,30.0,48.0,49.0,stomach
1533758388.8141863,-0.68,-2.84,9.14,-0.25,0.1875,0.0625,1.4375,-3.9375,17.375,0.39,0.0,0.0,0.0,8.0,17.0,0.0,0.0,13.0,28.0,38.0,0.0,0.0,14.0,0.0,43.0,68.0,0.0,20.0,45.0,54.0,stomach
1533758389.464634,-0.67,-2.88,9.11,0.125,-0.25,-0.125,1.4375,-3.9375,17.375,0.36,0.0,0.0,0.0,0.0,0.0,0.0,0.0,11.0,25.0,37.0,0.0,0.0,14.0,0.0,35.0,68.0,0.0,19.0,36.0,39.0,stomach
1533758390.1168451,-0.7,-2.89,9.08,-0.375,-0.4375,0.0,1.4375,-3.9375,17.375,0.38,0.0,0.0,0.0,0.0,16.0,0.0,0.0,12.0,28.0,40.0,0.0,0.0,15.0,0.0,38.0,70.0,0.0,18.0,72.0,85.0,stomach
1533758390.7601435,-0.72,-2.93,9.09,0.0625,0.0625,0.0625,1.4375,-3.9375,17.375,0.38,0.0,0.0,0.0,18.0,0.0,0.0,0.0,0.0,26.0,28.0,0.0,0.0,18.0,0.0,34.0,71.0,0.0,20.0,38.0,40.0,stomach
1533758391.4105437,-0.7,-2.89,9.2,0.0,0.0625,0.0,1.4375,-3.9375,17.375,0.37,0.0,0.0,0.0,0.0,15.0,0.0,0.0,12.0,27.0,38.0,0.0,0.0,16.0,0.0,24.0,67.0,0.0,13.0,15.0,33.0,stomach
1533758392.057547,-0.71,-2.87,9.19,0.3125,-0.25,0.0625,1.4375,-3.9375,17.375,0.37,0.0,0.0,0.0,0.0,15.0,0.0,0.0,13.0,28.0,32.0,0.0,0.0,0.0,0.0,0.0,70.0,0.0,0.0,20.0,10.0,stomach
1533758392.709609,-0.7,-2.92,9.15,0.375,0.125,-0.0625,1.4375,-3.9375,17.375,0.37,0.0,0.0,2.0,0.0,16.0,0.0,0.0,14.0,29.0,40.0,0.0,0.0,14.0,0.0,36.0,69.0,0.0,18.0,36.0,43.0,stomach
1533758393.3529754,-0.7,-2.9,9.19,-0.1875,-0.3125,0.0625,1.4375,-3.9375,17.3125,0.38,0.0,0.0,0.0,4.0,18.0,0.0,0.0,12.0,37.0,39.0,0.0,0.0,26.0,0.0,41.0,69.0,0.0,16.0,35.0,41.0,stomach
1533758393.9996693,-0.7,-2.88,9.15,0.375,-0.125,0.0,1.4375,-3.9375,17.3125,0.37,0.0,0.0,0.0,0.0,18.0,0.0,0.0,14.0,30.0,41.0,0.0,0.0,23.0,0.0,50.0,71.0,0.0,18.0,32.0,47.0,stomach
1533758394.6502812,-0.69,-2.91,9.2,-0.0625,-0.0625,0.0,1.4375,-3.9375,17.375,0.38,0.0,0.0,0.0,0.0,17.0,0.0,0.0,12.0,29.0,39.0,0.0,0.0,16.0,0.0,37.0,70.0,0.0,19.0,34.0,49.0,stomach
1533758395.3018181,-0.72,-2.9,9.09,0.0,0.0625,0.0,1.4375,-3.9375,17.375,0.38,0.0,0.0,0.0,0.0,17.0,0.0,0.0,15.0,29.0,40.0,0.0,0.0,16.0,0.0,39.0,69.0,0.0,18.0,36.0,41.0,stomach
1533758395.9408133,-0.72,-2.93,9.11,0.4375,0.125,0.0,1.4375,-3.9375,17.375,0.36,0.0,0.0,0.0,0.0,0.0,0.0,0.0,0.0,18.0,28.0,0.0,0.0,0.0,0.0,27.0,71.0,0.0,0.0,32.0,9.0,stomach
1533758396.59171,-0.73,-2.95,9.08,-0.25,-0.1875,-0.0625,1.4375,-3.9375,17.3125,0.39,0.0,0.0,0.0,0.0,10.0,0.0,0.0,0.0,22.0,30.0,0.0,0.0,0.0,0.0,54.0,81.0,0.0,0.0,35.0,47.0,stomach
1533758397.2435966,-0.72,-2.87,9.06,-0.375,-0.0625,0.0625,1.4375,-3.9375,17.3125,0.36,0.0,0.0,0.0,0.0,16.0,25.0,0.0,13.0,30.0,40.0,0.0,0.0,10.0,0.0,13.0,59.0,0.0,0.0,32.0,24.0,stomach
1533758397.8942466,-0.72,-2.93,9.13,0.3125,-0.0625,0.0,1.4375,-3.9375,17.3125,0.4,0.0,0.0,0.0,0.0,15.0,0.0,0.0,13.0,31.0,40.0,0.0,0.0,14.0,0.0,26.0,70.0,0.0,4.0,36.0,31.0,stomach
1533758398.5375383,-0.72,-2.88,9.19,-0.125,0.0,-0.125,1.4375,-3.9375,17.3125,0.39,0.0,0.0,0.0,2.0,5.0,24.0,0.0,0.0,25.0,65.0,0.0,0.0,15.0,0.0,37.0,68.0,0.0,19.0,38.0,42.0,stomach
1533758399.1842368,-0.71,-2.9,9.22,-0.4375,0.0625,0.0625,1.4375,-3.9375,17.3125,0.37,0.0,0.0,0.0,0.0,15.0,0.0,0.0,14.0,30.0,41.0,0.0,0.0,17.0,0.0,39.0,70.0,0.0,19.0,37.0,43.0,stomach
1533758399.8235097,-0.71,-2.91,9.26,0.125,0.4375,0.0,1.4375,-3.9375,17.3125,0.36,0.0,0.0,0.0,7.0,17.0,0.0,0.0,14.0,29.0,41.0,0.0,0.0,3.0,0.0,21.0,69.0,0.0,2.0,39.0,16.0,stomach
1533758400.470259,-0.72,-2.87,9.13,-0.3125,0.0,-0.0625,1.4375,-3.9375,17.375,0.4,0.0,0.0,0.0,10.0,17.0,0.0,0.0,11.0,44.0,53.0,0.0,0.0,19.0,0.0,44.0,75.0,14.0,20.0,42.0,22.0,stomach
1533758401.1258056,-0.69,-2.84,9.14,0.1875,-0.0625,0.125,1.4375,-3.9375,17.375,0.37,0.0,0.0,0.0,12.0,10.0,0.0,0.0,14.0,31.0,42.0,0.0,0.0,15.0,0.0,37.0,72.0,0.0,20.0,37.0,41.0,stomach
1533758401.7766502,-0.69,-2.82,9.15,-0.1875,0.0,-0.0625,1.4375,-3.9375,17.125,0.37,0.0,0.0,0.0,0.0,18.0,856.0,2.0,15.0,31.0,44.0,0.0,0.0,16.0,0.0,36.0,62.0,0.0,19.0,20.0,6.0,stomach
1533758402.428938,-0.69,-2.78,9.1,0.0625,-0.1875,0.0625,1.4375,-3.9375,17.125,0.38,0.0,0.0,0.0,0.0,17.0,855.0,0.0,0.0,18.0,29.0,0.0,0.0,14.0,0.0,14.0,54.0,0.0,25.0,21.0,64.0,stomach
1533758403.079363,-0.69,-2.83,9.22,0.125,0.1875,0.125,1.4375,-3.9375,17.125,0.37,0.0,0.0,0.0,0.0,15.0,857.0,0.0,15.0,0.0,26.0,0.0,0.0,0.0,0.0,25.0,58.0,0.0,18.0,21.0,35.0,stomach
1533758403.7353165,-0.7,-2.81,9.07,0.0,0.125,-0.125,1.4375,-3.9375,17.125,0.36,0.0,0.0,0.0,0.0,18.0,855.0,0.0,0.0,26.0,22.0,0.0,0.0,16.0,0.0,39.0,49.0,0.0,19.0,45.0,35.0,stomach
